1.00000000E+05 0.00000000E+00 1.78445700E+03 1.28871700E-01
1.35552900E+05 0.00000000E+00 1.23625900E+03 1.07990400E-01
2.42211700E+05 0.00000000E+00 6.46567700E+02 8.26928100E-02
4.19976200E+05 0.00000000E+00 3.75521800E+02 6.95131300E-02
6.68846600E+05 0.00000000E+00 2.43310200E+02 6.22955600E-02
9.88822800E+05 6.19716500E-02 1.99454600E+02 5.74751300E-02
1.37990500E+06 6.98254900E+00 3.09427700E+02 5.36597400E-02
1.84209300E+06 6.64735100E+01 5.69387400E+02 5.02676800E-02
2.37538600E+06 4.11728500E+02 8.40797200E+02 4.79356000E-02
2.97978600E+06 1.53010900E+03 1.00485800E+03 4.57848600E-02
3.65529100E+06 4.02989100E+03 1.05944700E+03 4.39136600E-02
4.40190200E+06 8.67142200E+03 1.03815700E+03 4.20873500E-02
5.21962000E+06 1.63000100E+04 9.83119900E+02 4.04347100E-02
6.10844200E+06 2.66847200E+04 9.09220900E+02 3.89138800E-02
7.06837100E+06 4.10689300E+04 8.32270300E+02 3.74906900E-02
8.09940500E+06 5.87091500E+04 7.55037600E+02 3.62769200E-02
9.20154600E+06 8.08164800E+04 6.84166500E+02 3.51322700E-02
1.03747900E+07 1.06080900E+05 6.24540600E+02 3.38131100E-02
1.16191400E+07 1.32960300E+05 5.68347400E+02 3.27907000E-02
1.29346000E+07 1.63801200E+05 5.17716700E+02 3.17768000E-02
1.43211700E+07 1.96609300E+05 4.74825900E+02 3.07657800E-02
1.57788300E+07 2.30206400E+05 4.35218900E+02 2.99350700E-02
1.73076100E+07 2.65803000E+05 4.01319400E+02 2.90975900E-02
1.89074900E+07 3.04062800E+05 3.70809100E+02 2.82875200E-02
2.05784800E+07 3.42185800E+05 3.43815200E+02 2.74929900E-02
2.23205700E+07 3.81899000E+05 3.18173900E+02 2.69087500E-02
2.41337700E+07 4.20102200E+05 2.97757500E+02 2.61749500E-02
2.60180700E+07 4.59978000E+05 2.78632900E+02 2.55682000E-02
2.79734800E+07 4.98130800E+05 2.61101800E+02 2.49730900E-02
3.00000000E+07 5.35690900E+05 2.45761000E+02 2.44207100E-02
