gas_composition
-----------------------
Ar 1.0
-----------------------

Mobility *N (1/m/V/s)
-----------------------
1.000000000000000000e+00 2.940559999999999996e+24
1.152940000000000076e+00 2.632960000000000201e+24
1.611769999999999925e+00 2.027959999999999935e+24
2.376489999999999991e+00 1.501129999999999985e+24
3.447099999999999831e+00 1.136210000000000033e+24
4.823590000000000266e+00 9.595730000000000637e+23
6.505969999999999587e+00 9.446010000000000039e+23
8.494229999999999947e+00 9.644030000000000516e+23
1.078839999999999932e+01 9.740500000000000288e+23
1.338840000000000074e+01 9.718210000000000574e+23
1.629439999999999955e+01 9.620169999999999515e+23
1.950619999999999976e+01 9.480410000000000081e+23
2.302390000000000114e+01 9.320569999999999368e+23
2.684750000000000014e+01 9.153940000000000372e+23
3.097690000000000055e+01 8.988729999999999788e+23
3.541230000000000189e+01 8.829739999999999712e+23
4.015359999999999729e+01 8.679399999999999486e+23
4.520069999999999766e+01 8.539150000000000412e+23
5.055369999999999919e+01 8.408999999999999906e+23
5.621260000000000190e+01 8.288510000000000181e+23
6.217739999999999867e+01 8.176999999999999654e+23
6.844809999999999661e+01 8.073569999999999861e+23
7.502469999999999573e+01 7.977339999999999858e+23
8.190720000000000312e+01 7.887539999999999827e+23
8.909550000000000125e+01 7.803219999999999449e+23
9.658969999999999345e+01 7.723780000000000645e+23
1.043900000000000006e+02 7.648589999999999657e+23
1.124959999999999951e+02 7.576960000000000168e+23
1.209080000000000013e+02 7.508799999999999916e+23
1.296260000000000048e+02 7.443529999999999683e+23
1.386490000000000009e+02 7.380850000000000427e+23
1.479790000000000134e+02 7.320669999999999887e+23
1.576140000000000043e+02 7.262369999999999777e+23
1.675560000000000116e+02 7.205970000000000301e+23
1.778029999999999973e+02 7.151299999999999722e+23
1.883559999999999945e+02 7.097889999999999945e+23
1.992150000000000034e+02 7.046320000000000189e+23
2.103799999999999955e+02 6.996160000000000084e+23
2.218509999999999991e+02 6.947330000000000155e+23
2.336270000000000095e+02 6.899820000000000299e+23
2.457100000000000080e+02 6.853490000000000427e+23
2.580980000000000132e+02 6.808340000000000540e+23
2.707919999999999732e+02 6.764350000000000433e+23
2.837930000000000064e+02 6.721499999999999900e+23
2.970989999999999895e+02 6.679739999999999775e+23
3.107110000000000127e+02 6.639070000000000055e+23
3.246290000000000191e+02 6.599460000000000435e+23
3.388519999999999754e+02 6.560909999999999573e+23
3.533820000000000050e+02 6.523529999999999934e+23
3.682180000000000177e+02 6.487029999999999898e+23
3.833589999999999804e+02 6.451529999999999347e+23
3.988059999999999832e+02 6.417029999999999625e+23
4.145590000000000259e+02 6.383269999999999415e+23
4.306190000000000282e+02 6.350680000000000430e+23
4.469830000000000041e+02 6.319020000000000215e+23
4.636539999999999964e+02 6.288249999999999704e+23
4.806309999999999718e+02 6.258360000000000136e+23
4.979139999999999873e+02 6.229630000000000349e+23
5.155019999999999527e+02 6.201410000000000406e+23
5.333970000000000482e+02 6.173980000000000488e+23
5.515969999999999800e+02 6.147320000000000388e+23
5.701029999999999518e+02 6.121229999999999405e+23
5.889149999999999636e+02 6.096019999999999366e+23
6.080330000000000155e+02 6.071469999999999363e+23
6.274569999999999936e+02 6.047579999999999397e+23
6.471870000000000118e+02 6.024290000000000197e+23
6.672219999999999800e+02 6.001399999999999717e+23
6.875639999999999645e+02 5.979260000000000194e+23
7.082110000000000127e+02 5.957629999999999845e+23
7.291639999999999873e+02 5.936499999999999911e+23
7.504239999999999782e+02 5.915829999999999982e+23
7.719890000000000327e+02 5.895539999999999911e+23
7.938600000000000136e+02 5.875709999999999845e+23
8.160359999999999445e+02 5.856269999999999740e+23
8.385190000000000055e+02 5.837179999999999858e+23
8.613079999999999927e+02 5.818419999999999995e+23
8.844020000000000437e+02 5.800060000000000194e+23
9.078029999999999973e+02 5.781890000000000322e+23
9.315090000000000146e+02 5.763979999999999754e+23
9.555209999999999582e+02 5.746310000000000296e+23
9.798390000000000555e+02 5.728859999999999733e+23
1.004460000000000036e+03 5.711580000000000236e+23
1.029390000000000100e+03 5.694520000000000304e+23
1.054630000000000109e+03 5.677619999999999995e+23
1.080170000000000073e+03 5.660869999999999877e+23
1.106019999999999982e+03 5.644249999999999746e+23
1.132170000000000073e+03 5.627690000000000228e+23
1.158630000000000109e+03 5.611299999999999764e+23
1.185400000000000091e+03 5.595010000000000322e+23
1.212470000000000027e+03 5.578799999999999685e+23
1.239839999999999918e+03 5.562669999999999866e+23
1.267529999999999973e+03 5.546599999999999990e+23
1.295509999999999991e+03 5.530569999999999851e+23
1.323809999999999945e+03 5.514609999999999756e+23
1.352410000000000082e+03 5.498679999999999969e+23
1.381319999999999936e+03 5.482779999999999816e+23
1.410529999999999973e+03 5.466909999999999971e+23
1.440049999999999955e+03 5.450860000000000299e+23
1.469869999999999891e+03 5.435030000000000191e+23
1.500000000000000000e+03 5.419229999999999720e+23
-----------------------

Townsend ioniz. coef. alpha/N (m2)
-----------------------
1.000000000000000000e+00 0.000000000000000000e+00
1.152940000000000076e+00 0.000000000000000000e+00
1.611769999999999925e+00 0.000000000000000000e+00
2.376489999999999991e+00 0.000000000000000000e+00
3.447099999999999831e+00 0.000000000000000000e+00
4.823590000000000266e+00 6.844990000000000442e-35
6.505969999999999587e+00 2.815159999999999987e-31
8.494229999999999947e+00 5.428820000000000335e-29
1.078839999999999932e+01 1.959839999999999979e-27
1.338840000000000074e+01 2.571289999999999947e-26
1.629439999999999955e+01 1.763580000000000048e-25
1.950619999999999976e+01 7.801449999999999814e-25
2.302390000000000114e+01 2.536060000000000148e-24
2.684750000000000014e+01 6.587120000000000231e-24
3.097690000000000055e+01 1.447680000000000015e-23
3.541230000000000189e+01 2.800579999999999877e-23
4.015359999999999729e+01 4.905709999999999913e-23
4.520069999999999766e+01 7.943060000000000377e-23
5.055369999999999919e+01 1.207380000000000112e-22
5.621260000000000190e+01 1.743320000000000111e-22
6.217739999999999867e+01 2.412940000000000070e-22
6.844809999999999661e+01 3.224280000000000150e-22
7.502469999999999573e+01 4.183100000000000216e-22
8.190720000000000312e+01 5.293129999999999621e-22
8.909550000000000125e+01 6.556259999999999969e-22
9.658969999999999345e+01 7.973209999999999746e-22
1.043900000000000006e+02 9.543659999999999835e-22
1.124959999999999951e+02 1.126650000000000024e-21
1.209080000000000013e+02 1.314009999999999958e-21
1.296260000000000048e+02 1.516230000000000005e-21
1.386490000000000009e+02 1.733079999999999999e-21
1.479790000000000134e+02 1.964309999999999926e-21
1.576140000000000043e+02 2.209659999999999844e-21
1.675560000000000116e+02 2.468860000000000074e-21
1.778029999999999973e+02 2.741619999999999958e-21
1.883559999999999945e+02 3.027679999999999932e-21
1.992150000000000034e+02 3.326739999999999977e-21
2.103799999999999955e+02 3.638540000000000150e-21
2.218509999999999991e+02 3.962780000000000058e-21
2.336270000000000095e+02 4.299189999999999645e-21
2.457100000000000080e+02 4.647459999999999908e-21
2.580980000000000132e+02 5.007320000000000039e-21
2.707919999999999732e+02 5.378469999999999643e-21
2.837930000000000064e+02 5.760619999999999943e-21
2.970989999999999895e+02 6.153450000000000317e-21
3.107110000000000127e+02 6.556660000000000371e-21
3.246290000000000191e+02 6.969939999999999594e-21
3.388519999999999754e+02 7.392980000000000489e-21
3.533820000000000050e+02 7.825389999999999381e-21
3.682180000000000177e+02 8.267000000000000360e-21
3.833589999999999804e+02 8.717369999999999938e-21
3.988059999999999832e+02 9.176200000000000728e-21
4.145590000000000259e+02 9.643099999999999809e-21
4.306190000000000282e+02 1.011780000000000014e-20
4.469830000000000041e+02 1.059999999999999981e-20
4.636539999999999964e+02 1.108920000000000068e-20
4.806309999999999718e+02 1.158520000000000047e-20
4.979139999999999873e+02 1.208760000000000067e-20
5.155019999999999527e+02 1.259599999999999975e-20
5.333970000000000482e+02 1.311000000000000068e-20
5.515969999999999800e+02 1.362939999999999970e-20
5.701029999999999518e+02 1.415370000000000016e-20
5.889149999999999636e+02 1.468259999999999865e-20
6.080330000000000155e+02 1.521559999999999853e-20
6.274569999999999936e+02 1.575250000000000054e-20
6.471870000000000118e+02 1.629279999999999900e-20
6.672219999999999800e+02 1.683630000000000067e-20
6.875639999999999645e+02 1.738239999999999874e-20
7.082110000000000127e+02 1.793079999999999885e-20
7.291639999999999873e+02 1.848120000000000058e-20
7.504239999999999782e+02 1.903319999999999940e-20
7.719890000000000327e+02 1.958650000000000094e-20
7.938600000000000136e+02 2.014059999999999953e-20
8.160359999999999445e+02 2.069509999999999964e-20
8.385190000000000055e+02 2.124979999999999901e-20
8.613079999999999927e+02 2.180429999999999912e-20
8.844020000000000437e+02 2.235820000000000145e-20
9.078029999999999973e+02 2.291119999999999959e-20
9.315090000000000146e+02 2.346299999999999915e-20
9.555209999999999582e+02 2.401319999999999862e-20
9.798390000000000555e+02 2.456150000000000059e-20
1.004460000000000036e+03 2.510759999999999867e-20
1.029390000000000100e+03 2.565129999999999960e-20
1.054630000000000109e+03 2.619210000000000073e-20
1.080170000000000073e+03 2.672990000000000091e-20
1.106019999999999982e+03 2.726440000000000276e-20
1.132170000000000073e+03 2.779529999999999988e-20
1.158630000000000109e+03 2.832229999999999787e-20
1.185400000000000091e+03 2.884510000000000237e-20
1.212470000000000027e+03 2.936370000000000134e-20
1.239839999999999918e+03 2.987770000000000228e-20
1.267529999999999973e+03 3.038690000000000291e-20
1.295509999999999991e+03 3.089110000000000096e-20
1.323809999999999945e+03 3.139030000000000246e-20
1.352410000000000082e+03 3.188399999999999873e-20
1.381319999999999936e+03 3.237229999999999992e-20
1.410529999999999973e+03 3.285499999999999774e-20
1.440049999999999955e+03 3.333209999999999822e-20
1.469869999999999891e+03 3.380300000000000056e-20
1.500000000000000000e+03 3.426790000000000102e-20
-----------------------

Townsend attach. coef. eta/N (m2)
-----------------------
1.000000000000000000e+00 0.000000000000000000e+00
1.152940000000000076e+00 0.000000000000000000e+00
1.611769999999999925e+00 0.000000000000000000e+00
2.376489999999999991e+00 0.000000000000000000e+00
3.447099999999999831e+00 0.000000000000000000e+00
4.823590000000000266e+00 0.000000000000000000e+00
6.505969999999999587e+00 0.000000000000000000e+00
8.494229999999999947e+00 0.000000000000000000e+00
1.078839999999999932e+01 0.000000000000000000e+00
1.338840000000000074e+01 0.000000000000000000e+00
1.629439999999999955e+01 0.000000000000000000e+00
1.950619999999999976e+01 0.000000000000000000e+00
2.302390000000000114e+01 0.000000000000000000e+00
2.684750000000000014e+01 0.000000000000000000e+00
3.097690000000000055e+01 0.000000000000000000e+00
3.541230000000000189e+01 0.000000000000000000e+00
4.015359999999999729e+01 0.000000000000000000e+00
4.520069999999999766e+01 0.000000000000000000e+00
5.055369999999999919e+01 0.000000000000000000e+00
5.621260000000000190e+01 0.000000000000000000e+00
6.217739999999999867e+01 0.000000000000000000e+00
6.844809999999999661e+01 0.000000000000000000e+00
7.502469999999999573e+01 0.000000000000000000e+00
8.190720000000000312e+01 0.000000000000000000e+00
8.909550000000000125e+01 0.000000000000000000e+00
9.658969999999999345e+01 0.000000000000000000e+00
1.043900000000000006e+02 0.000000000000000000e+00
1.124959999999999951e+02 0.000000000000000000e+00
1.209080000000000013e+02 0.000000000000000000e+00
1.296260000000000048e+02 0.000000000000000000e+00
1.386490000000000009e+02 0.000000000000000000e+00
1.479790000000000134e+02 0.000000000000000000e+00
1.576140000000000043e+02 0.000000000000000000e+00
1.675560000000000116e+02 0.000000000000000000e+00
1.778029999999999973e+02 0.000000000000000000e+00
1.883559999999999945e+02 0.000000000000000000e+00
1.992150000000000034e+02 0.000000000000000000e+00
2.103799999999999955e+02 0.000000000000000000e+00
2.218509999999999991e+02 0.000000000000000000e+00
2.336270000000000095e+02 0.000000000000000000e+00
2.457100000000000080e+02 0.000000000000000000e+00
2.580980000000000132e+02 0.000000000000000000e+00
2.707919999999999732e+02 0.000000000000000000e+00
2.837930000000000064e+02 0.000000000000000000e+00
2.970989999999999895e+02 0.000000000000000000e+00
3.107110000000000127e+02 0.000000000000000000e+00
3.246290000000000191e+02 0.000000000000000000e+00
3.388519999999999754e+02 0.000000000000000000e+00
3.533820000000000050e+02 0.000000000000000000e+00
3.682180000000000177e+02 0.000000000000000000e+00
3.833589999999999804e+02 0.000000000000000000e+00
3.988059999999999832e+02 0.000000000000000000e+00
4.145590000000000259e+02 0.000000000000000000e+00
4.306190000000000282e+02 0.000000000000000000e+00
4.469830000000000041e+02 0.000000000000000000e+00
4.636539999999999964e+02 0.000000000000000000e+00
4.806309999999999718e+02 0.000000000000000000e+00
4.979139999999999873e+02 0.000000000000000000e+00
5.155019999999999527e+02 0.000000000000000000e+00
5.333970000000000482e+02 0.000000000000000000e+00
5.515969999999999800e+02 0.000000000000000000e+00
5.701029999999999518e+02 0.000000000000000000e+00
5.889149999999999636e+02 0.000000000000000000e+00
6.080330000000000155e+02 0.000000000000000000e+00
6.274569999999999936e+02 0.000000000000000000e+00
6.471870000000000118e+02 0.000000000000000000e+00
6.672219999999999800e+02 0.000000000000000000e+00
6.875639999999999645e+02 0.000000000000000000e+00
7.082110000000000127e+02 0.000000000000000000e+00
7.291639999999999873e+02 0.000000000000000000e+00
7.504239999999999782e+02 0.000000000000000000e+00
7.719890000000000327e+02 0.000000000000000000e+00
7.938600000000000136e+02 0.000000000000000000e+00
8.160359999999999445e+02 0.000000000000000000e+00
8.385190000000000055e+02 0.000000000000000000e+00
8.613079999999999927e+02 0.000000000000000000e+00
8.844020000000000437e+02 0.000000000000000000e+00
9.078029999999999973e+02 0.000000000000000000e+00
9.315090000000000146e+02 0.000000000000000000e+00
9.555209999999999582e+02 0.000000000000000000e+00
9.798390000000000555e+02 0.000000000000000000e+00
1.004460000000000036e+03 0.000000000000000000e+00
1.029390000000000100e+03 0.000000000000000000e+00
1.054630000000000109e+03 0.000000000000000000e+00
1.080170000000000073e+03 0.000000000000000000e+00
1.106019999999999982e+03 0.000000000000000000e+00
1.132170000000000073e+03 0.000000000000000000e+00
1.158630000000000109e+03 0.000000000000000000e+00
1.185400000000000091e+03 0.000000000000000000e+00
1.212470000000000027e+03 0.000000000000000000e+00
1.239839999999999918e+03 0.000000000000000000e+00
1.267529999999999973e+03 0.000000000000000000e+00
1.295509999999999991e+03 0.000000000000000000e+00
1.323809999999999945e+03 0.000000000000000000e+00
1.352410000000000082e+03 0.000000000000000000e+00
1.381319999999999936e+03 0.000000000000000000e+00
1.410529999999999973e+03 0.000000000000000000e+00
1.440049999999999955e+03 0.000000000000000000e+00
1.469869999999999891e+03 0.000000000000000000e+00
1.500000000000000000e+03 0.000000000000000000e+00
-----------------------

Diffusion coefficient *N (1/m/s)
-----------------------
1.000000000000000000e+00 1.212570000000000018e+25
1.152940000000000076e+00 1.162590000000000035e+25
1.611769999999999925e+00 1.053640000000000018e+25
2.376489999999999991e+00 9.398409999999999532e+24
3.447099999999999831e+00 8.419150000000000059e+24
4.823590000000000266e+00 7.780510000000000273e+24
6.505969999999999587e+00 7.567799999999999667e+24
8.494229999999999947e+00 7.518350000000000110e+24
1.078839999999999932e+01 7.491039999999999807e+24
1.338840000000000074e+01 7.456520000000000149e+24
1.629439999999999955e+01 7.413059999999999823e+24
1.950619999999999976e+01 7.363410000000000369e+24
2.302390000000000114e+01 7.310349999999999606e+24
2.684750000000000014e+01 7.255869999999999896e+24
3.097690000000000055e+01 7.201469999999999929e+24
3.541230000000000189e+01 7.148020000000000280e+24
4.015359999999999729e+01 7.096099999999999898e+24
4.520069999999999766e+01 7.045589999999999705e+24
5.055369999999999919e+01 6.996499999999999533e+24
5.621260000000000190e+01 6.948599999999999985e+24
6.217739999999999867e+01 6.902029999999999808e+24
6.844809999999999661e+01 6.855529999999999540e+24
7.502469999999999573e+01 6.809280000000000487e+24
8.190720000000000312e+01 6.762759999999999478e+24
8.909550000000000125e+01 6.716419999999999772e+24
9.658969999999999345e+01 6.669899999999999837e+24
1.043900000000000006e+02 6.623199999999999673e+24
1.124959999999999951e+02 6.576049999999999471e+24
1.209080000000000013e+02 6.529379999999999882e+24
1.296260000000000048e+02 6.482989999999999933e+24
1.386490000000000009e+02 6.437090000000000431e+24
1.479790000000000134e+02 6.392099999999999764e+24
1.576140000000000043e+02 6.347820000000000181e+24
1.675560000000000116e+02 6.304660000000000238e+24
1.778029999999999973e+02 6.262790000000000330e+24
1.883559999999999945e+02 6.222189999999999715e+24
1.992150000000000034e+02 6.183280000000000004e+24
2.103799999999999955e+02 6.146009999999999880e+24
2.218509999999999991e+02 6.110419999999999751e+24
2.336270000000000095e+02 6.076639999999999606e+24
2.457100000000000080e+02 6.044579999999999865e+24
2.580980000000000132e+02 6.014330000000000106e+24
2.707919999999999732e+02 5.985909999999999998e+24
2.837930000000000064e+02 5.959340000000000282e+24
2.970989999999999895e+02 5.934629999999999717e+24
3.107110000000000127e+02 5.911800000000000120e+24
3.246290000000000191e+02 5.890850000000000415e+24
3.388519999999999754e+02 5.871810000000000104e+24
3.533820000000000050e+02 5.854760000000000006e+24
3.682180000000000177e+02 5.839570000000000134e+24
3.833589999999999804e+02 5.826339999999999898e+24
3.988059999999999832e+02 5.815080000000000208e+24
4.145590000000000259e+02 5.805700000000000410e+24
4.306190000000000282e+02 5.798449999999999572e+24
4.469830000000000041e+02 5.793250000000000096e+24
4.636539999999999964e+02 5.790109999999999669e+24
4.806309999999999718e+02 5.789059999999999940e+24
4.979139999999999873e+02 5.790309999999999566e+24
5.155019999999999527e+02 5.793519999999999904e+24
5.333970000000000482e+02 5.798899999999999609e+24
5.515969999999999800e+02 5.806480000000000331e+24
5.701029999999999518e+02 5.816139999999999770e+24
5.889149999999999636e+02 5.828190000000000290e+24
6.080330000000000155e+02 5.842509999999999589e+24
6.274569999999999936e+02 5.859119999999999484e+24
6.471870000000000118e+02 5.878049999999999475e+24
6.672219999999999800e+02 5.899180000000000483e+24
6.875639999999999645e+02 5.922790000000000003e+24
7.082110000000000127e+02 5.948779999999999695e+24
7.291639999999999873e+02 5.977149999999999560e+24
7.504239999999999782e+02 6.007910000000000506e+24
7.719890000000000327e+02 6.041070000000000219e+24
7.938600000000000136e+02 6.076670000000000181e+24
8.160359999999999445e+02 6.114699999999999485e+24
8.385190000000000055e+02 6.155170000000000113e+24
8.613079999999999927e+02 6.198079999999999916e+24
8.844020000000000437e+02 6.243590000000000531e+24
9.078029999999999973e+02 6.291379999999999760e+24
9.315090000000000146e+02 6.341610000000000312e+24
9.555209999999999582e+02 6.394270000000000206e+24
9.798390000000000555e+02 6.449360000000000516e+24
1.004460000000000036e+03 6.506899999999999835e+24
1.029390000000000100e+03 6.566820000000000402e+24
1.054630000000000109e+03 6.629139999999999735e+24
1.080170000000000073e+03 6.693840000000000315e+24
1.106019999999999982e+03 6.760919999999999994e+24
1.132170000000000073e+03 6.830350000000000344e+24
1.158630000000000109e+03 6.902120000000000459e+24
1.185400000000000091e+03 6.976199999999999763e+24
1.212470000000000027e+03 7.052579999999999496e+24
1.239839999999999918e+03 7.131230000000000156e+24
1.267529999999999973e+03 7.212139999999999762e+24
1.295509999999999991e+03 7.295339999999999963e+24
1.323809999999999945e+03 7.380689999999999865e+24
1.352410000000000082e+03 7.468220000000000043e+24
1.381319999999999936e+03 7.557919999999999589e+24
1.410529999999999973e+03 7.649750000000000242e+24
1.440049999999999955e+03 7.743500000000000123e+24
1.469869999999999891e+03 7.839539999999999525e+24
1.500000000000000000e+03 7.937640000000000124e+24
-----------------------

Three-body attachment rate (m6/s)
-----------------------
1.000000000000000000e+00 0.000000000000000000e+00
1.152940000000000076e+00 0.000000000000000000e+00
1.611769999999999925e+00 0.000000000000000000e+00
2.376489999999999991e+00 0.000000000000000000e+00
3.447099999999999831e+00 0.000000000000000000e+00
4.823590000000000266e+00 0.000000000000000000e+00
6.505969999999999587e+00 0.000000000000000000e+00
8.494229999999999947e+00 0.000000000000000000e+00
1.078839999999999932e+01 0.000000000000000000e+00
1.338840000000000074e+01 0.000000000000000000e+00
1.629439999999999955e+01 0.000000000000000000e+00
1.950619999999999976e+01 0.000000000000000000e+00
2.302390000000000114e+01 0.000000000000000000e+00
2.684750000000000014e+01 0.000000000000000000e+00
3.097690000000000055e+01 0.000000000000000000e+00
3.541230000000000189e+01 0.000000000000000000e+00
4.015359999999999729e+01 0.000000000000000000e+00
4.520069999999999766e+01 0.000000000000000000e+00
5.055369999999999919e+01 0.000000000000000000e+00
5.621260000000000190e+01 0.000000000000000000e+00
6.217739999999999867e+01 0.000000000000000000e+00
6.844809999999999661e+01 0.000000000000000000e+00
7.502469999999999573e+01 0.000000000000000000e+00
8.190720000000000312e+01 0.000000000000000000e+00
8.909550000000000125e+01 0.000000000000000000e+00
9.658969999999999345e+01 0.000000000000000000e+00
1.043900000000000006e+02 0.000000000000000000e+00
1.124959999999999951e+02 0.000000000000000000e+00
1.209080000000000013e+02 0.000000000000000000e+00
1.296260000000000048e+02 0.000000000000000000e+00
1.386490000000000009e+02 0.000000000000000000e+00
1.479790000000000134e+02 0.000000000000000000e+00
1.576140000000000043e+02 0.000000000000000000e+00
1.675560000000000116e+02 0.000000000000000000e+00
1.778029999999999973e+02 0.000000000000000000e+00
1.883559999999999945e+02 0.000000000000000000e+00
1.992150000000000034e+02 0.000000000000000000e+00
2.103799999999999955e+02 0.000000000000000000e+00
2.218509999999999991e+02 0.000000000000000000e+00
2.336270000000000095e+02 0.000000000000000000e+00
2.457100000000000080e+02 0.000000000000000000e+00
2.580980000000000132e+02 0.000000000000000000e+00
2.707919999999999732e+02 0.000000000000000000e+00
2.837930000000000064e+02 0.000000000000000000e+00
2.970989999999999895e+02 0.000000000000000000e+00
3.107110000000000127e+02 0.000000000000000000e+00
3.246290000000000191e+02 0.000000000000000000e+00
3.388519999999999754e+02 0.000000000000000000e+00
3.533820000000000050e+02 0.000000000000000000e+00
3.682180000000000177e+02 0.000000000000000000e+00
3.833589999999999804e+02 0.000000000000000000e+00
3.988059999999999832e+02 0.000000000000000000e+00
4.145590000000000259e+02 0.000000000000000000e+00
4.306190000000000282e+02 0.000000000000000000e+00
4.469830000000000041e+02 0.000000000000000000e+00
4.636539999999999964e+02 0.000000000000000000e+00
4.806309999999999718e+02 0.000000000000000000e+00
4.979139999999999873e+02 0.000000000000000000e+00
5.155019999999999527e+02 0.000000000000000000e+00
5.333970000000000482e+02 0.000000000000000000e+00
5.515969999999999800e+02 0.000000000000000000e+00
5.701029999999999518e+02 0.000000000000000000e+00
5.889149999999999636e+02 0.000000000000000000e+00
6.080330000000000155e+02 0.000000000000000000e+00
6.274569999999999936e+02 0.000000000000000000e+00
6.471870000000000118e+02 0.000000000000000000e+00
6.672219999999999800e+02 0.000000000000000000e+00
6.875639999999999645e+02 0.000000000000000000e+00
7.082110000000000127e+02 0.000000000000000000e+00
7.291639999999999873e+02 0.000000000000000000e+00
7.504239999999999782e+02 0.000000000000000000e+00
7.719890000000000327e+02 0.000000000000000000e+00
7.938600000000000136e+02 0.000000000000000000e+00
8.160359999999999445e+02 0.000000000000000000e+00
8.385190000000000055e+02 0.000000000000000000e+00
8.613079999999999927e+02 0.000000000000000000e+00
8.844020000000000437e+02 0.000000000000000000e+00
9.078029999999999973e+02 0.000000000000000000e+00
9.315090000000000146e+02 0.000000000000000000e+00
9.555209999999999582e+02 0.000000000000000000e+00
9.798390000000000555e+02 0.000000000000000000e+00
1.004460000000000036e+03 0.000000000000000000e+00
1.029390000000000100e+03 0.000000000000000000e+00
1.054630000000000109e+03 0.000000000000000000e+00
1.080170000000000073e+03 0.000000000000000000e+00
1.106019999999999982e+03 0.000000000000000000e+00
1.132170000000000073e+03 0.000000000000000000e+00
1.158630000000000109e+03 0.000000000000000000e+00
1.185400000000000091e+03 0.000000000000000000e+00
1.212470000000000027e+03 0.000000000000000000e+00
1.239839999999999918e+03 0.000000000000000000e+00
1.267529999999999973e+03 0.000000000000000000e+00
1.295509999999999991e+03 0.000000000000000000e+00
1.323809999999999945e+03 0.000000000000000000e+00
1.352410000000000082e+03 0.000000000000000000e+00
1.381319999999999936e+03 0.000000000000000000e+00
1.410529999999999973e+03 0.000000000000000000e+00
1.440049999999999955e+03 0.000000000000000000e+00
1.469869999999999891e+03 0.000000000000000000e+00
1.500000000000000000e+03 0.000000000000000000e+00
-----------------------

