Mobility *N (1/m/V/s)
-----------------------
1.000000000000000000e+00 6.085200000000000147e+24
1.152940000000000076e+00 5.843549999999999485e+24
1.611769999999999925e+00 5.286259999999999508e+24
2.376489999999999991e+00 4.586199999999999927e+24
3.447099999999999831e+00 3.800309999999999831e+24
4.823590000000000266e+00 3.094299999999999816e+24
6.505969999999999587e+00 2.586280000000000241e+24
8.494229999999999947e+00 2.251319999999999901e+24
1.078839999999999932e+01 2.029710000000000110e+24
1.338840000000000074e+01 1.877819999999999875e+24
1.629439999999999955e+01 1.769000000000000006e+24
1.950619999999999976e+01 1.687049999999999968e+24
2.302390000000000114e+01 1.622370000000000129e+24
2.684750000000000014e+01 1.568819999999999995e+24
3.097690000000000055e+01 1.522270000000000021e+24
3.541230000000000189e+01 1.480569999999999972e+24
4.015359999999999729e+01 1.441980000000000043e+24
4.520069999999999766e+01 1.405999999999999954e+24
5.055369999999999919e+01 1.372069999999999885e+24
5.621260000000000190e+01 1.339870000000000055e+24
6.217739999999999867e+01 1.309420000000000131e+24
6.844809999999999661e+01 1.280820000000000062e+24
7.502469999999999573e+01 1.253940000000000129e+24
8.190720000000000312e+01 1.228869999999999910e+24
8.909550000000000125e+01 1.205479999999999956e+24
9.658969999999999345e+01 1.183670000000000049e+24
1.043900000000000006e+02 1.163270000000000061e+24
1.124959999999999951e+02 1.144110000000000001e+24
1.209080000000000013e+02 1.126020000000000007e+24
1.296260000000000048e+02 1.108850000000000025e+24
1.386490000000000009e+02 1.092400000000000021e+24
1.479790000000000134e+02 1.076719999999999971e+24
1.576140000000000043e+02 1.061640000000000015e+24
1.675560000000000116e+02 1.047059999999999936e+24
1.778029999999999973e+02 1.032999999999999939e+24
1.883559999999999945e+02 1.019380000000000012e+24
1.992150000000000034e+02 1.006169999999999981e+24
2.103799999999999955e+02 9.933699999999999806e+23
2.218509999999999991e+02 9.808939999999999376e+23
2.336270000000000095e+02 9.687580000000000152e+23
2.457100000000000080e+02 9.569450000000000396e+23
2.580980000000000132e+02 9.454170000000000249e+23
2.707919999999999732e+02 9.342099999999999366e+23
2.837930000000000064e+02 9.232869999999999332e+23
2.970989999999999895e+02 9.126360000000000262e+23
3.107110000000000127e+02 9.022619999999999984e+23
3.246290000000000191e+02 8.921219999999999470e+23
3.388519999999999754e+02 8.822229999999999436e+23
3.533820000000000050e+02 8.725560000000000304e+23
3.682180000000000177e+02 8.631109999999999709e+23
3.833589999999999804e+02 8.538549999999999646e+23
3.988059999999999832e+02 8.448329999999999347e+23
4.145590000000000259e+02 8.360090000000000501e+23
4.306190000000000282e+02 8.273759999999999706e+23
4.469830000000000041e+02 8.189390000000000160e+23
4.636539999999999964e+02 8.106629999999999625e+23
4.806309999999999718e+02 8.025580000000000467e+23
4.979139999999999873e+02 7.946160000000000524e+23
5.155019999999999527e+02 7.868329999999999389e+23
5.333970000000000482e+02 7.792079999999999643e+23
5.515969999999999800e+02 7.717239999999999549e+23
5.701029999999999518e+02 7.643839999999999413e+23
5.889149999999999636e+02 7.571830000000000066e+23
6.080330000000000155e+02 7.501009999999999463e+23
6.274569999999999936e+02 7.431660000000000467e+23
6.471870000000000118e+02 7.363589999999999793e+23
6.672219999999999800e+02 7.296749999999999615e+23
6.875639999999999645e+02 7.231109999999999625e+23
7.082110000000000127e+02 7.166659999999999722e+23
7.291639999999999873e+02 7.103349999999999394e+23
7.504239999999999782e+02 7.041159999999999780e+23
7.719890000000000327e+02 6.980060000000000571e+23
7.938600000000000136e+02 6.920040000000000325e+23
8.160359999999999445e+02 6.861120000000000587e+23
8.385190000000000055e+02 6.803180000000000131e+23
8.613079999999999927e+02 6.746250000000000606e+23
8.844020000000000437e+02 6.690300000000000362e+23
9.078029999999999973e+02 6.635339999999999502e+23
9.315090000000000146e+02 6.581190000000000212e+23
9.555209999999999582e+02 6.528119999999999885e+23
9.798390000000000555e+02 6.475969999999999567e+23
1.004460000000000036e+03 6.424720000000000398e+23
1.029390000000000100e+03 6.374369999999999693e+23
1.054630000000000109e+03 6.324879999999999727e+23
1.080170000000000073e+03 6.276269999999999363e+23
1.106019999999999982e+03 6.228479999999999329e+23
1.132170000000000073e+03 6.181519999999999727e+23
1.158630000000000109e+03 6.135370000000000354e+23
1.185400000000000091e+03 6.090019999999999764e+23
1.212470000000000027e+03 6.045410000000000029e+23
1.239839999999999918e+03 6.001619999999999953e+23
1.267529999999999973e+03 5.958580000000000163e+23
1.295509999999999991e+03 5.916279999999999885e+23
1.323809999999999945e+03 5.874709999999999688e+23
1.352410000000000082e+03 5.833860000000000142e+23
1.381319999999999936e+03 5.793690000000000165e+23
1.410529999999999973e+03 5.754219999999999963e+23
1.440049999999999955e+03 5.715430000000000003e+23
1.469869999999999891e+03 5.677310000000000181e+23
1.500000000000000000e+03 5.639830000000000191e+23
-----------------------

Townsend ioniz. coef. alpha/N (m2)
-----------------------
1.000000000000000000e+00 0.000000000000000000e+00
1.152940000000000076e+00 0.000000000000000000e+00
1.611769999999999925e+00 0.000000000000000000e+00
2.376489999999999991e+00 0.000000000000000000e+00
3.447099999999999831e+00 0.000000000000000000e+00
4.823590000000000266e+00 0.000000000000000000e+00
6.505969999999999587e+00 0.000000000000000000e+00
8.494229999999999947e+00 0.000000000000000000e+00
1.078839999999999932e+01 0.000000000000000000e+00
1.338840000000000074e+01 0.000000000000000000e+00
1.629439999999999955e+01 0.000000000000000000e+00
1.950619999999999976e+01 3.340309999999999862e-34
2.302390000000000114e+01 2.018310000000000090e-32
2.684750000000000014e+01 2.605349999999999947e-30
3.097690000000000055e+01 4.051330000000000249e-29
3.541230000000000189e+01 3.798949999999999965e-28
4.015359999999999729e+01 2.441990000000000161e-27
4.520069999999999766e+01 1.169389999999999973e-26
5.055369999999999919e+01 4.452029999999999760e-26
5.621260000000000190e+01 1.409810000000000077e-25
6.217739999999999867e+01 3.845579999999999893e-25
6.844809999999999661e+01 9.273659999999999438e-25
7.502469999999999573e+01 2.016140000000000004e-24
8.190720000000000312e+01 4.015230000000000010e-24
8.909550000000000125e+01 7.416719999999999351e-24
9.658969999999999345e+01 1.284320000000000037e-23
1.043900000000000006e+02 2.103930000000000113e-23
1.124959999999999951e+02 3.283979999999999720e-23
1.209080000000000013e+02 4.916559999999999965e-23
1.296260000000000048e+02 7.098909999999999801e-23
1.386490000000000009e+02 9.931550000000000009e-23
1.479790000000000134e+02 1.351519999999999906e-22
1.576140000000000043e+02 1.795049999999999915e-22
1.675560000000000116e+02 2.333489999999999838e-22
1.778029999999999973e+02 2.976209999999999928e-22
1.883559999999999945e+02 3.732029999999999842e-22
1.992150000000000034e+02 4.609089999999999699e-22
2.103799999999999955e+02 5.614899999999999711e-22
2.218509999999999991e+02 6.755889999999999777e-22
2.336270000000000095e+02 8.037880000000000304e-22
2.457100000000000080e+02 9.465689999999999752e-22
2.580980000000000132e+02 1.104330000000000078e-21
2.707919999999999732e+02 1.277360000000000083e-21
2.837930000000000064e+02 1.465880000000000015e-21
2.970989999999999895e+02 1.669999999999999994e-21
3.107110000000000127e+02 1.889770000000000023e-21
3.246290000000000191e+02 2.125130000000000174e-21
3.388519999999999754e+02 2.375980000000000063e-21
3.533820000000000050e+02 2.642130000000000169e-21
3.682180000000000177e+02 2.923340000000000024e-21
3.833589999999999804e+02 3.219320000000000099e-21
3.988059999999999832e+02 3.529709999999999695e-21
4.145590000000000259e+02 3.854130000000000141e-21
4.306190000000000282e+02 4.192149999999999942e-21
4.469830000000000041e+02 4.543350000000000353e-21
4.636539999999999964e+02 4.907220000000000098e-21
4.806309999999999718e+02 5.283279999999999749e-21
4.979139999999999873e+02 5.671039999999999765e-21
5.155019999999999527e+02 6.069980000000000263e-21
5.333970000000000482e+02 6.479540000000000154e-21
5.515969999999999800e+02 6.899249999999999371e-21
5.701029999999999518e+02 7.328579999999999422e-21
5.889149999999999636e+02 7.766969999999999972e-21
6.080330000000000155e+02 8.213950000000000200e-21
6.274569999999999936e+02 8.668969999999999884e-21
6.471870000000000118e+02 9.131529999999999367e-21
6.672219999999999800e+02 9.601140000000000614e-21
6.875639999999999645e+02 1.007729999999999945e-20
7.082110000000000127e+02 1.055960000000000026e-20
7.291639999999999873e+02 1.104740000000000029e-20
7.504239999999999782e+02 1.154050000000000028e-20
7.719890000000000327e+02 1.203819999999999980e-20
7.938600000000000136e+02 1.254029999999999961e-20
8.160359999999999445e+02 1.304609999999999927e-20
8.385190000000000055e+02 1.355550000000000067e-20
8.613079999999999927e+02 1.406780000000000036e-20
8.844020000000000437e+02 1.458289999999999873e-20
9.078029999999999973e+02 1.510020000000000101e-20
9.315090000000000146e+02 1.561949999999999889e-20
9.555209999999999582e+02 1.614029999999999875e-20
9.798390000000000555e+02 1.666230000000000019e-20
1.004460000000000036e+03 1.718519999999999981e-20
1.029390000000000100e+03 1.770859999999999908e-20
1.054630000000000109e+03 1.823229999999999874e-20
1.080170000000000073e+03 1.875579999999999915e-20
1.106019999999999982e+03 1.927910000000000030e-20
1.132170000000000073e+03 1.980169999999999952e-20
1.158630000000000109e+03 2.032340000000000056e-20
1.185400000000000091e+03 2.084379999999999889e-20
1.212470000000000027e+03 2.136299999999999865e-20
1.239839999999999918e+03 2.188030000000000092e-20
1.267529999999999973e+03 2.239569999999999969e-20
1.295509999999999991e+03 2.290870000000000131e-20
1.323809999999999945e+03 2.341949999999999903e-20
1.352410000000000082e+03 2.392770000000000035e-20
1.381319999999999936e+03 2.443309999999999999e-20
1.410529999999999973e+03 2.493540000000000056e-20
1.440049999999999955e+03 2.543450000000000093e-20
1.469869999999999891e+03 2.593019999999999882e-20
1.500000000000000000e+03 2.642230000000000100e-20
-----------------------

Townsend attach. coef. eta/N (m2)
-----------------------
1.000000000000000000e+00 9.899159999999999689e-41
1.152940000000000076e+00 8.461630000000000071e-41
1.611769999999999925e+00 5.781860000000000185e-41
2.376489999999999991e+00 3.632659999999999913e-41
3.447099999999999831e+00 2.254670000000000077e-41
4.823590000000000266e+00 1.436979999999999917e-41
6.505969999999999587e+00 9.689569999999999948e-42
8.494229999999999947e+00 6.965919999999999480e-42
1.078839999999999932e+01 5.289540000000000101e-42
1.338840000000000074e+01 1.483419999999999995e-31
1.629439999999999955e+01 1.553059999999999963e-29
1.950619999999999976e+01 3.623960000000000133e-28
2.302390000000000114e+01 3.986130000000000322e-27
2.684750000000000014e+01 2.567930000000000113e-26
3.097690000000000055e+01 1.115029999999999910e-25
3.541230000000000189e+01 3.603400000000000083e-25
4.015359999999999729e+01 9.313889999999999499e-25
4.520069999999999766e+01 2.019909999999999819e-24
5.055369999999999919e+01 3.814900000000000311e-24
5.621260000000000190e+01 6.434660000000000314e-24
6.217739999999999867e+01 9.890219999999999970e-24
6.844809999999999661e+01 1.406499999999999856e-23
7.502469999999999573e+01 1.872940000000000042e-23
8.190720000000000312e+01 2.359819999999999986e-23
8.909550000000000125e+01 2.837340000000000177e-23
9.658969999999999345e+01 3.280680000000000005e-23
1.043900000000000006e+02 3.672429999999999878e-23
1.124959999999999951e+02 4.001190000000000086e-23
1.209080000000000013e+02 4.264170000000000095e-23
1.296260000000000048e+02 4.463069999999999917e-23
1.386490000000000009e+02 4.602939999999999733e-23
1.479790000000000134e+02 4.690499999999999815e-23
1.576140000000000043e+02 4.733250000000000052e-23
1.675560000000000116e+02 4.738489999999999707e-23
1.778029999999999973e+02 4.713099999999999788e-23
1.883559999999999945e+02 4.663100000000000150e-23
1.992150000000000034e+02 4.593729999999999860e-23
2.103799999999999955e+02 4.509480000000000052e-23
2.218509999999999991e+02 4.413960000000000176e-23
2.336270000000000095e+02 4.310279999999999882e-23
2.457100000000000080e+02 4.200959999999999860e-23
2.580980000000000132e+02 4.087999999999999886e-23
2.707919999999999732e+02 3.973060000000000083e-23
2.837930000000000064e+02 3.857419999999999860e-23
2.970989999999999895e+02 3.742099999999999929e-23
3.107110000000000127e+02 3.627929999999999766e-23
3.246290000000000191e+02 3.515510000000000066e-23
3.388519999999999754e+02 3.405330000000000065e-23
3.533820000000000050e+02 3.297739999999999975e-23
3.682180000000000177e+02 3.193000000000000253e-23
3.833589999999999804e+02 3.091319999999999733e-23
3.988059999999999832e+02 2.992750000000000040e-23
4.145590000000000259e+02 2.897410000000000254e-23
4.306190000000000282e+02 2.805309999999999762e-23
4.469830000000000041e+02 2.716470000000000271e-23
4.636539999999999964e+02 2.630819999999999916e-23
4.806309999999999718e+02 2.548339999999999930e-23
4.979139999999999873e+02 2.468959999999999916e-23
5.155019999999999527e+02 2.392610000000000067e-23
5.333970000000000482e+02 2.319219999999999990e-23
5.515969999999999800e+02 2.248679999999999988e-23
5.701029999999999518e+02 2.180909999999999987e-23
5.889149999999999636e+02 2.115819999999999942e-23
6.080330000000000155e+02 2.053330000000000073e-23
6.274569999999999936e+02 1.993309999999999857e-23
6.471870000000000118e+02 1.935690000000000075e-23
6.672219999999999800e+02 1.880370000000000122e-23
6.875639999999999645e+02 1.827259999999999951e-23
7.082110000000000127e+02 1.776270000000000104e-23
7.291639999999999873e+02 1.727309999999999949e-23
7.504239999999999782e+02 1.680309999999999972e-23
7.719890000000000327e+02 1.635180000000000127e-23
7.938600000000000136e+02 1.591830000000000076e-23
8.160359999999999445e+02 1.550219999999999927e-23
8.385190000000000055e+02 1.510230000000000013e-23
8.613079999999999927e+02 1.471819999999999855e-23
8.844020000000000437e+02 1.434909999999999969e-23
9.078029999999999973e+02 1.399439999999999932e-23
9.315090000000000146e+02 1.365369999999999853e-23
9.555209999999999582e+02 1.332590000000000038e-23
9.798390000000000555e+02 1.301069999999999980e-23
1.004460000000000036e+03 1.270759999999999965e-23
1.029390000000000100e+03 1.241600000000000011e-23
1.054630000000000109e+03 1.213549999999999934e-23
1.080170000000000073e+03 1.186550000000000048e-23
1.106019999999999982e+03 1.160560000000000020e-23
1.132170000000000073e+03 1.135549999999999935e-23
1.158630000000000109e+03 1.111459999999999957e-23
1.185400000000000091e+03 1.088260000000000023e-23
1.212470000000000027e+03 1.065920000000000068e-23
1.239839999999999918e+03 1.044379999999999963e-23
1.267529999999999973e+03 1.023630000000000031e-23
1.295509999999999991e+03 1.003619999999999969e-23
1.323809999999999945e+03 9.843220000000000287e-24
1.352410000000000082e+03 9.657150000000000345e-24
1.381319999999999936e+03 9.477650000000000211e-24
1.410529999999999973e+03 9.304470000000000573e-24
1.440049999999999955e+03 9.137349999999999797e-24
1.469869999999999891e+03 8.976030000000000658e-24
1.500000000000000000e+03 8.820279999999999675e-24
-----------------------

Three-body attachment rate (m6/s)
-----------------------
1.000000000000000000e+00 3.042341999999999820e-42
1.152940000000000076e+00 2.879212000000000017e-42
1.611769999999999925e+00 2.488025999999999714e-42
2.376489999999999991e+00 1.999628999999999830e-42
3.447099999999999831e+00 1.491727999999999917e-42
4.823590000000000266e+00 1.083223999999999859e-42
6.505969999999999587e+00 8.234311000000000850e-43
8.494229999999999947e+00 6.727817999999999553e-43
1.078839999999999932e+01 5.849847000000000270e-43
1.338840000000000074e+01 5.316919999999999891e-43
1.629439999999999955e+01 4.976581999999999438e-43
1.950619999999999976e+01 4.746992999999999860e-43
2.302390000000000114e+01 4.582713999999999626e-43
2.684750000000000014e+01 4.456704999999999666e-43
3.097690000000000055e+01 4.352063999999999294e-43
3.541230000000000189e+01 4.256599999999999149e-43
4.015359999999999729e+01 4.160280999999999899e-43
4.520069999999999766e+01 4.054765000000000059e-43
5.055369999999999919e+01 3.932214999999999697e-43
5.621260000000000190e+01 3.787356000000000365e-43
6.217739999999999867e+01 3.617596000000000034e-43
6.844809999999999661e+01 3.423859999999999873e-43
7.502469999999999573e+01 3.210814999999999937e-43
8.190720000000000312e+01 2.985020000000000030e-43
8.909550000000000125e+01 2.754436000000000013e-43
9.658969999999999345e+01 2.526431999999999975e-43
1.043900000000000006e+02 2.307052999999999918e-43
1.124959999999999951e+02 2.101011999999999853e-43
1.209080000000000013e+02 1.910857999999999676e-43
1.296260000000000048e+02 1.737781999999999901e-43
1.386490000000000009e+02 1.581891000000000108e-43
1.479790000000000134e+02 1.442386999999999871e-43
1.576140000000000043e+02 1.318146999999999866e-43
1.675560000000000116e+02 1.207892999999999763e-43
1.778029999999999973e+02 1.109932999999999842e-43
1.883559999999999945e+02 1.022966999999999935e-43
1.992150000000000034e+02 9.456668999999999683e-44
2.103799999999999955e+02 8.767010999999998883e-44
2.218509999999999991e+02 8.152534999999999449e-44
2.336270000000000095e+02 7.602388999999998991e-44
2.457100000000000080e+02 7.108325999999999932e-44
2.580980000000000132e+02 6.663764999999999046e-44
2.707919999999999732e+02 6.261360999999999744e-44
2.837930000000000064e+02 5.896421999999999528e-44
2.970989999999999895e+02 5.564375000000000115e-44
3.107110000000000127e+02 5.260788999999999258e-44
3.246290000000000191e+02 4.983325999999999394e-44
3.388519999999999754e+02 4.728511999999999859e-44
3.533820000000000050e+02 4.493827999999999905e-44
3.682180000000000177e+02 4.277090000000000051e-44
3.833589999999999804e+02 4.077138999999999905e-44
3.988059999999999832e+02 3.890794999999999708e-44
4.145590000000000259e+02 3.717423999999999586e-44
4.306190000000000282e+02 3.555766999999999829e-44
4.469830000000000041e+02 3.404201999999999991e-44
4.636539999999999964e+02 3.262831999999999901e-44
4.806309999999999718e+02 3.130236000000000072e-44
4.979139999999999873e+02 3.005651000000000012e-44
5.155019999999999527e+02 2.888402999999999820e-44
5.333970000000000482e+02 2.777537999999999918e-44
5.515969999999999800e+02 2.673248000000000226e-44
5.701029999999999518e+02 2.574667999999999767e-44
5.889149999999999636e+02 2.481365000000000121e-44
6.080330000000000155e+02 2.393320999999999710e-44
6.274569999999999936e+02 2.309405999999999940e-44
6.471870000000000118e+02 2.229705999999999893e-44
6.672219999999999800e+02 2.153927999999999996e-44
6.875639999999999645e+02 2.081807999999999983e-44
7.082110000000000127e+02 2.013090999999999880e-44
7.291639999999999873e+02 1.947580999999999913e-44
7.504239999999999782e+02 1.885063999999999972e-44
7.719890000000000327e+02 1.825352999999999828e-44
7.938600000000000136e+02 1.768277999999999996e-44
8.160359999999999445e+02 1.713492999999999736e-44
8.385190000000000055e+02 1.661239000000000033e-44
8.613079999999999927e+02 1.611181999999999956e-44
8.844020000000000437e+02 1.563197999999999825e-44
9.078029999999999973e+02 1.517172000000000004e-44
9.315090000000000146e+02 1.473118999999999816e-44
9.555209999999999582e+02 1.430686999999999987e-44
9.798390000000000555e+02 1.389912999999999782e-44
1.004460000000000036e+03 1.350710999999999867e-44
1.029390000000000100e+03 1.313000999999999944e-44
1.054630000000000109e+03 1.276707000000000064e-44
1.080170000000000073e+03 1.241708999999999903e-44
1.106019999999999982e+03 1.208042999999999882e-44
1.132170000000000073e+03 1.175594999999999955e-44
1.158630000000000109e+03 1.144305999999999921e-44
1.185400000000000091e+03 1.114121999999999898e-44
1.212470000000000027e+03 1.085002999999999984e-44
1.239839999999999918e+03 1.056877999999999923e-44
1.267529999999999973e+03 1.029712000000000003e-44
1.295509999999999991e+03 1.003464999999999952e-44
1.323809999999999945e+03 9.780936000000000430e-45
1.352410000000000082e+03 9.535611999999999515e-45
1.381319999999999936e+03 9.298618999999998820e-45
1.410529999999999973e+03 9.068986999999999103e-45
1.440049999999999955e+03 8.846722999999999236e-45
1.469869999999999891e+03 8.631516999999999399e-45
1.500000000000000000e+03 8.423083999999999473e-45
-----------------------

