Mobility *N (1/m/V/s)
-----------------------
1.000000000000000000e+00 5.014950000000000019e+24
1.152940000000000076e+00 4.897030000000000263e+24
1.611769999999999925e+00 4.621669999999999902e+24
2.376489999999999991e+00 4.276340000000000112e+24
3.447099999999999831e+00 3.839090000000000092e+24
4.823590000000000266e+00 3.299210000000000136e+24
6.505969999999999587e+00 2.783490000000000222e+24
8.494229999999999947e+00 2.392260000000000125e+24
1.078839999999999932e+01 2.122340000000000083e+24
1.338840000000000074e+01 1.937399999999999918e+24
1.629439999999999955e+01 1.807059999999999886e+24
1.950619999999999976e+01 1.711259999999999984e+24
2.302390000000000114e+01 1.637460000000000053e+24
2.684750000000000014e+01 1.577620000000000037e+24
3.097690000000000055e+01 1.526829999999999933e+24
3.541230000000000189e+01 1.482290000000000109e+24
4.015359999999999729e+01 1.441869999999999992e+24
4.520069999999999766e+01 1.404650000000000111e+24
5.055369999999999919e+01 1.369899999999999980e+24
5.621260000000000190e+01 1.337339999999999959e+24
6.217739999999999867e+01 1.306810000000000023e+24
6.844809999999999661e+01 1.278289999999999966e+24
7.502469999999999573e+01 1.251670000000000007e+24
8.190720000000000312e+01 1.226920000000000107e+24
8.909550000000000125e+01 1.203900000000000043e+24
9.658969999999999345e+01 1.182450000000000058e+24
1.043900000000000006e+02 1.162400000000000025e+24
1.124959999999999951e+02 1.143529999999999976e+24
1.209080000000000013e+02 1.125689999999999989e+24
1.296260000000000048e+02 1.108730000000000006e+24
1.386490000000000009e+02 1.092539999999999976e+24
1.479790000000000134e+02 1.077009999999999983e+24
1.576140000000000043e+02 1.062060000000000014e+24
1.675560000000000116e+02 1.047650000000000062e+24
1.778029999999999973e+02 1.033680000000000046e+24
1.883559999999999945e+02 1.020149999999999965e+24
1.992150000000000034e+02 1.007009999999999979e+24
2.103799999999999955e+02 9.942410000000000270e+23
2.218509999999999991e+02 9.818370000000000490e+23
2.336270000000000095e+02 9.697669999999999961e+23
2.457100000000000080e+02 9.580180000000000037e+23
2.580980000000000132e+02 9.465789999999999594e+23
2.707919999999999732e+02 9.354280000000000409e+23
2.837930000000000064e+02 9.245580000000000425e+23
2.970989999999999895e+02 9.139569999999999756e+23
3.107110000000000127e+02 9.036050000000000385e+23
3.246290000000000191e+02 8.935139999999999512e+23
3.388519999999999754e+02 8.836630000000000359e+23
3.533820000000000050e+02 8.740410000000000459e+23
3.682180000000000177e+02 8.646569999999999389e+23
3.833589999999999804e+02 8.554669999999999363e+23
3.988059999999999832e+02 8.464810000000000060e+23
4.145590000000000259e+02 8.376919999999999423e+23
4.306190000000000282e+02 8.290920000000000661e+23
4.469830000000000041e+02 8.206470000000000296e+23
4.636539999999999964e+02 8.124050000000000553e+23
4.806309999999999718e+02 8.043320000000000640e+23
4.979139999999999873e+02 7.964209999999999840e+23
5.155019999999999527e+02 7.886589999999999510e+23
5.333970000000000482e+02 7.810569999999999431e+23
5.515969999999999800e+02 7.736009999999999515e+23
5.701029999999999518e+02 7.662869999999999353e+23
5.889149999999999636e+02 7.591109999999999877e+23
6.080330000000000155e+02 7.520760000000000052e+23
6.274569999999999936e+02 7.451610000000000417e+23
6.471870000000000118e+02 7.383730000000000343e+23
6.672219999999999800e+02 7.317070000000000663e+23
6.875639999999999645e+02 7.251609999999999830e+23
7.082110000000000127e+02 7.187360000000000629e+23
7.291639999999999873e+02 7.124190000000000391e+23
7.504239999999999782e+02 7.062139999999999523e+23
7.719890000000000327e+02 7.001180000000000404e+23
7.938600000000000136e+02 6.941280000000000042e+23
8.160359999999999445e+02 6.882360000000000304e+23
8.385190000000000055e+02 6.824529999999999630e+23
8.613079999999999927e+02 6.767709999999999887e+23
8.844020000000000437e+02 6.711860000000000666e+23
9.078029999999999973e+02 6.656989999999999384e+23
9.315090000000000146e+02 6.603059999999999659e+23
9.555209999999999582e+02 6.550060000000000047e+23
9.798390000000000555e+02 6.497970000000000343e+23
1.004460000000000036e+03 6.446780000000000446e+23
1.029390000000000100e+03 6.396470000000000149e+23
1.054630000000000109e+03 6.346990000000000286e+23
1.080170000000000073e+03 6.298400000000000126e+23
1.106019999999999982e+03 6.250640000000000398e+23
1.132170000000000073e+03 6.203709999999999761e+23
1.158630000000000109e+03 6.157580000000000592e+23
1.185400000000000091e+03 6.112250000000000207e+23
1.212470000000000027e+03 6.067620000000000267e+23
1.239839999999999918e+03 6.023830000000000191e+23
1.267529999999999973e+03 5.980789999999999730e+23
1.295509999999999991e+03 5.938490000000000123e+23
1.323809999999999945e+03 5.896909999999999824e+23
1.352410000000000082e+03 5.856019999999999869e+23
1.381319999999999936e+03 5.815849999999999893e+23
1.410529999999999973e+03 5.776360000000000157e+23
1.440049999999999955e+03 5.737539999999999890e+23
1.469869999999999891e+03 5.699380000000000330e+23
1.500000000000000000e+03 5.661870000000000034e+23
-----------------------

Townsend ioniz. coef. alpha/N (m2)
-----------------------
1.000000000000000000e+00 0.000000000000000000e+00
1.152940000000000076e+00 0.000000000000000000e+00
1.611769999999999925e+00 0.000000000000000000e+00
2.376489999999999991e+00 0.000000000000000000e+00
3.447099999999999831e+00 0.000000000000000000e+00
4.823590000000000266e+00 0.000000000000000000e+00
6.505969999999999587e+00 0.000000000000000000e+00
8.494229999999999947e+00 0.000000000000000000e+00
1.078839999999999932e+01 0.000000000000000000e+00
1.338840000000000074e+01 0.000000000000000000e+00
1.629439999999999955e+01 0.000000000000000000e+00
1.950619999999999976e+01 4.433300000000000192e-35
2.302390000000000114e+01 9.922129999999999061e-32
2.684750000000000014e+01 2.989159999999999973e-30
3.097690000000000055e+01 4.675750000000000060e-29
3.541230000000000189e+01 4.383789999999999981e-28
4.015359999999999729e+01 2.815309999999999971e-27
4.520069999999999766e+01 1.346130000000000048e-26
5.055369999999999919e+01 5.112699999999999850e-26
5.621260000000000190e+01 1.613639999999999950e-25
6.217739999999999867e+01 4.382350000000000036e-25
6.844809999999999661e+01 1.051109999999999990e-24
7.502469999999999573e+01 2.271059999999999980e-24
8.190720000000000312e+01 4.492919999999999732e-24
8.909550000000000125e+01 8.240299999999999352e-24
9.658969999999999345e+01 1.416740000000000121e-23
1.043900000000000006e+02 2.304360000000000124e-23
1.124959999999999951e+02 3.572580000000000189e-23
1.209080000000000013e+02 5.314500000000000399e-23
1.296260000000000048e+02 7.627929999999999607e-23
1.386490000000000009e+02 1.061210000000000039e-22
1.479790000000000134e+02 1.436720000000000032e-22
1.576140000000000043e+02 1.899189999999999999e-22
1.675560000000000116e+02 2.458249999999999948e-22
1.778029999999999973e+02 3.122840000000000143e-22
1.883559999999999945e+02 3.901570000000000115e-22
1.992150000000000034e+02 4.802329999999999967e-22
2.103799999999999955e+02 5.832269999999999964e-22
2.218509999999999991e+02 6.997640000000000031e-22
2.336270000000000095e+02 8.303950000000000254e-22
2.457100000000000080e+02 9.755769999999999078e-22
2.580980000000000132e+02 1.135689999999999919e-21
2.707919999999999732e+02 1.310989999999999917e-21
2.837930000000000064e+02 1.501689999999999949e-21
2.970989999999999895e+02 1.707879999999999909e-21
3.107110000000000127e+02 1.929609999999999987e-21
3.246290000000000191e+02 2.166799999999999839e-21
3.388519999999999754e+02 2.419340000000000099e-21
3.533820000000000050e+02 2.687040000000000115e-21
3.682180000000000177e+02 2.969669999999999910e-21
3.833589999999999804e+02 3.266909999999999989e-21
3.988059999999999832e+02 3.578430000000000371e-21
4.145590000000000259e+02 3.903840000000000014e-21
4.306190000000000282e+02 4.242729999999999909e-21
4.469830000000000041e+02 4.594660000000000328e-21
4.636539999999999964e+02 4.959150000000000338e-21
4.806309999999999718e+02 5.335709999999999645e-21
4.979139999999999873e+02 5.723850000000000211e-21
5.155019999999999527e+02 6.123060000000000011e-21
5.333970000000000482e+02 6.532830000000000029e-21
5.515969999999999800e+02 6.952630000000000267e-21
5.701029999999999518e+02 7.381960000000000318e-21
5.889149999999999636e+02 7.820280000000000073e-21
6.080330000000000155e+02 8.267079999999999763e-21
6.274569999999999936e+02 8.721859999999999733e-21
6.471870000000000118e+02 9.184130000000000439e-21
6.672219999999999800e+02 9.653380000000000610e-21
6.875639999999999645e+02 1.012910000000000048e-20
7.082110000000000127e+02 1.061090000000000012e-20
7.291639999999999873e+02 1.109830000000000013e-20
7.504239999999999782e+02 1.159069999999999969e-20
7.719890000000000327e+02 1.208789999999999956e-20
7.938600000000000136e+02 1.258919999999999932e-20
8.160359999999999445e+02 1.309439999999999969e-20
8.385190000000000055e+02 1.360289999999999990e-20
8.613079999999999927e+02 1.411450000000000069e-20
8.844020000000000437e+02 1.462870000000000088e-20
9.078029999999999973e+02 1.514509999999999896e-20
9.315090000000000146e+02 1.566340000000000054e-20
9.555209999999999582e+02 1.618329999999999921e-20
9.798390000000000555e+02 1.670420000000000021e-20
1.004460000000000036e+03 1.722610000000000051e-20
1.029390000000000100e+03 1.774839999999999934e-20
1.054630000000000109e+03 1.827090000000000043e-20
1.080170000000000073e+03 1.879330000000000040e-20
1.106019999999999982e+03 1.931529999999999883e-20
1.132170000000000073e+03 1.983660000000000135e-20
1.158630000000000109e+03 2.035689999999999855e-20
1.185400000000000091e+03 2.087610000000000131e-20
1.212470000000000027e+03 2.139370000000000097e-20
1.239839999999999918e+03 2.190950000000000127e-20
1.267529999999999973e+03 2.242340000000000106e-20
1.295509999999999991e+03 2.293509999999999997e-20
1.323809999999999945e+03 2.344430000000000060e-20
1.352410000000000082e+03 2.395099999999999995e-20
1.381319999999999936e+03 2.445470000000000136e-20
1.410529999999999973e+03 2.495530000000000069e-20
1.440049999999999955e+03 2.545269999999999982e-20
1.469869999999999891e+03 2.594660000000000136e-20
1.500000000000000000e+03 2.643690000000000117e-20
-----------------------

Townsend attach. coef. eta/N (m2)
-----------------------
1.000000000000000000e+00 1.413059999999999936e-40
1.152940000000000076e+00 1.212719999999999927e-40
1.611769999999999925e+00 8.248709999999999700e-41
2.376489999999999991e+00 5.110559999999999738e-41
3.447099999999999831e+00 3.117049999999999924e-41
4.823590000000000266e+00 1.917139999999999943e-41
6.505969999999999587e+00 1.220520000000000063e-41
8.494229999999999947e+00 8.249590000000000038e-42
1.078839999999999932e+01 5.949990000000000529e-42
1.338840000000000074e+01 1.586750000000000024e-31
1.629439999999999955e+01 2.037650000000000034e-29
1.950619999999999976e+01 4.783809999999999987e-28
2.302390000000000114e+01 5.270059999999999651e-27
2.684750000000000014e+01 3.373350000000000252e-26
3.097690000000000055e+01 1.457090000000000025e-25
3.541230000000000189e+01 4.679540000000000177e-25
4.015359999999999729e+01 1.201490000000000060e-24
4.520069999999999766e+01 2.589910000000000041e-24
5.055369999999999919e+01 4.862590000000000256e-24
5.621260000000000190e+01 8.156139999999999884e-24
6.217739999999999867e+01 1.246949999999999950e-23
6.844809999999999661e+01 1.764289999999999936e-23
7.502469999999999573e+01 2.338280000000000028e-23
8.190720000000000312e+01 2.933630000000000280e-23
8.909550000000000125e+01 3.513209999999999944e-23
9.658969999999999345e+01 4.047670000000000028e-23
1.043900000000000006e+02 4.516409999999999748e-23
1.124959999999999951e+02 4.907320000000000175e-23
1.209080000000000013e+02 5.217529999999999820e-23
1.296260000000000048e+02 5.449949999999999474e-23
1.386490000000000009e+02 5.610810000000000176e-23
1.479790000000000134e+02 5.708850000000000155e-23
1.576140000000000043e+02 5.753239999999999984e-23
1.675560000000000116e+02 5.753050000000000508e-23
1.778029999999999973e+02 5.716259999999999703e-23
1.883559999999999945e+02 5.650300000000000587e-23
1.992150000000000034e+02 5.561449999999999948e-23
2.103799999999999955e+02 5.455069999999999460e-23
2.218509999999999991e+02 5.335470000000000166e-23
2.336270000000000095e+02 5.206350000000000090e-23
2.457100000000000080e+02 5.070689999999999832e-23
2.580980000000000132e+02 4.930909999999999768e-23
2.707919999999999732e+02 4.788890000000000005e-23
2.837930000000000064e+02 4.646199999999999739e-23
2.970989999999999895e+02 4.504049999999999746e-23
3.107110000000000127e+02 4.363410000000000291e-23
3.246290000000000191e+02 4.224999999999999976e-23
3.388519999999999754e+02 4.089380000000000195e-23
3.533820000000000050e+02 3.956989999999999734e-23
3.682180000000000177e+02 3.828150000000000062e-23
3.833589999999999804e+02 3.703010000000000178e-23
3.988059999999999832e+02 3.581740000000000199e-23
4.145590000000000259e+02 3.464419999999999907e-23
4.306190000000000282e+02 3.351079999999999806e-23
4.469830000000000041e+02 3.241749999999999812e-23
4.636539999999999964e+02 3.136330000000000202e-23
4.806309999999999718e+02 3.034779999999999911e-23
4.979139999999999873e+02 2.937040000000000280e-23
5.155019999999999527e+02 2.843029999999999766e-23
5.333970000000000482e+02 2.752619999999999902e-23
5.515969999999999800e+02 2.665719999999999762e-23
5.701029999999999518e+02 2.582219999999999944e-23
5.889149999999999636e+02 2.501999999999999895e-23
6.080330000000000155e+02 2.424959999999999893e-23
6.274569999999999936e+02 2.350970000000000002e-23
6.471870000000000118e+02 2.279919999999999936e-23
6.672219999999999800e+02 2.211700000000000001e-23
6.875639999999999645e+02 2.146199999999999911e-23
7.082110000000000127e+02 2.083329999999999915e-23
7.291639999999999873e+02 2.022940000000000131e-23
7.504239999999999782e+02 1.964939999999999928e-23
7.719890000000000327e+02 1.909250000000000114e-23
7.938600000000000136e+02 1.855770000000000081e-23
8.160359999999999445e+02 1.804390000000000135e-23
8.385190000000000055e+02 1.755039999999999880e-23
8.613079999999999927e+02 1.707629999999999858e-23
8.844020000000000437e+02 1.662070000000000024e-23
9.078029999999999973e+02 1.618289999999999982e-23
9.315090000000000146e+02 1.576219999999999927e-23
9.555209999999999582e+02 1.535770000000000106e-23
9.798390000000000555e+02 1.496870000000000124e-23
1.004460000000000036e+03 1.459459999999999853e-23
1.029390000000000100e+03 1.423480000000000047e-23
1.054630000000000109e+03 1.388879999999999961e-23
1.080170000000000073e+03 1.355580000000000111e-23
1.106019999999999982e+03 1.323520000000000073e-23
1.132170000000000073e+03 1.292669999999999931e-23
1.158630000000000109e+03 1.262960000000000024e-23
1.185400000000000091e+03 1.234350000000000022e-23
1.212470000000000027e+03 1.206819999999999981e-23
1.239839999999999918e+03 1.180270000000000029e-23
1.267529999999999973e+03 1.154690000000000046e-23
1.295509999999999991e+03 1.130039999999999996e-23
1.323809999999999945e+03 1.106279999999999990e-23
1.352410000000000082e+03 1.083369999999999991e-23
1.381319999999999936e+03 1.061279999999999934e-23
1.410529999999999973e+03 1.039969999999999930e-23
1.440049999999999955e+03 1.019410000000000062e-23
1.469869999999999891e+03 9.995679999999999470e-24
1.500000000000000000e+03 9.804200000000000342e-24
-----------------------

Three-body attachment rate (m6/s)
-----------------------
1.000000000000000000e+00 3.652784999999999889e-42
1.152940000000000076e+00 3.529391999999999364e-42
1.611769999999999925e+00 3.167287000000000326e-42
2.376489999999999991e+00 2.677164999999999808e-42
3.447099999999999831e+00 2.126297000000000136e-42
4.823590000000000266e+00 1.572649999999999761e-42
6.505969999999999587e+00 1.139313999999999871e-42
8.494229999999999947e+00 8.640976000000000127e-43
1.078839999999999932e+01 7.022401999999999559e-43
1.338840000000000074e+01 6.063713999999999751e-43
1.629439999999999955e+01 5.473038999999999379e-43
1.950619999999999976e+01 5.090695000000000186e-43
2.302390000000000114e+01 4.829438999999999815e-43
2.684750000000000014e+01 4.639665999999999268e-43
3.097690000000000055e+01 4.491406999999999890e-43
3.541230000000000189e+01 4.365263000000000282e-43
4.015359999999999729e+01 4.246326999999999527e-43
4.520069999999999766e+01 4.123066999999999092e-43
5.055369999999999919e+01 3.985970999999999473e-43
5.621260000000000190e+01 3.828460000000000504e-43
6.217739999999999867e+01 3.647547999999999738e-43
6.844809999999999661e+01 3.444050999999999877e-43
7.502469999999999573e+01 3.222645999999999965e-43
8.190720000000000312e+01 2.989912999999999706e-43
8.909550000000000125e+01 2.753993999999999760e-43
9.658969999999999345e+01 2.522082999999999844e-43
1.043900000000000006e+02 2.300036000000000051e-43
1.124959999999999951e+02 2.092362999999999757e-43
1.209080000000000013e+02 1.901361999999999982e-43
1.296260000000000048e+02 1.728006999999999870e-43
1.386490000000000009e+02 1.572184999999999809e-43
1.479790000000000134e+02 1.433045000000000050e-43
1.576140000000000043e+02 1.309318999999999845e-43
1.675560000000000116e+02 1.199432999999999774e-43
1.778029999999999973e+02 1.102116000000000071e-43
1.883559999999999945e+02 1.015786999999999953e-43
1.992150000000000034e+02 9.390968999999998476e-44
2.103799999999999955e+02 8.708532999999999651e-44
2.218509999999999991e+02 8.099185999999999494e-44
2.336270000000000095e+02 7.553746999999999616e-44
2.457100000000000080e+02 7.063974999999999482e-44
2.580980000000000132e+02 6.622447000000000141e-44
2.707919999999999732e+02 6.223644999999999793e-44
2.837930000000000064e+02 5.861956999999999839e-44
2.970989999999999895e+02 5.532841999999998834e-44
3.107110000000000127e+02 5.232650999999998927e-44
3.246290000000000191e+02 4.957507000000000184e-44
3.388519999999999754e+02 4.704786000000000359e-44
3.533820000000000050e+02 4.471991999999999975e-44
3.682180000000000177e+02 4.256308999999999850e-44
3.833589999999999804e+02 4.057227999999999877e-44
3.988059999999999832e+02 3.872399999999999787e-44
4.145590000000000259e+02 3.700403999999999595e-44
4.306190000000000282e+02 3.539995999999999664e-44
4.469830000000000041e+02 3.390633999999999730e-44
4.636539999999999964e+02 3.250211999999999688e-44
4.806309999999999718e+02 3.118478999999999667e-44
4.979139999999999873e+02 2.994680999999999715e-44
5.155019999999999527e+02 2.878399999999999994e-44
5.333970000000000482e+02 2.768521999999999828e-44
5.515969999999999800e+02 2.664785999999999962e-44
5.701029999999999518e+02 2.566711999999999597e-44
5.889149999999999636e+02 2.473872000000000006e-44
6.080330000000000155e+02 2.385578000000000060e-44
6.274569999999999936e+02 2.302102999999999570e-44
6.471870000000000118e+02 2.222804999999999951e-44
6.672219999999999800e+02 2.147396000000000074e-44
6.875639999999999645e+02 2.075616000000000025e-44
7.082110000000000127e+02 2.006948999999999829e-44
7.291639999999999873e+02 1.941745999999999918e-44
7.504239999999999782e+02 1.879510999999999831e-44
7.719890000000000327e+02 1.820060999999999938e-44
7.938600000000000136e+02 1.763224999999999920e-44
8.160359999999999445e+02 1.708976999999999736e-44
8.385190000000000055e+02 1.656907999999999839e-44
8.613079999999999927e+02 1.607021999999999832e-44
8.844020000000000437e+02 1.559195999999999875e-44
9.078029999999999973e+02 1.513314999999999833e-44
9.315090000000000146e+02 1.469236999999999941e-44
9.555209999999999582e+02 1.426938999999999922e-44
9.798390000000000555e+02 1.386288999999999894e-44
1.004460000000000036e+03 1.347202999999999953e-44
1.029390000000000100e+03 1.309599999999999960e-44
1.054630000000000109e+03 1.273465000000000093e-44
1.080170000000000073e+03 1.238605000000000093e-44
1.106019999999999982e+03 1.205019999999999713e-44
1.132170000000000073e+03 1.172646000000000056e-44
1.158630000000000109e+03 1.141428000000000030e-44
1.185400000000000091e+03 1.111309999999999948e-44
1.212470000000000027e+03 1.082195999999999851e-44
1.239839999999999918e+03 1.054132999999999878e-44
1.267529999999999973e+03 1.027026000000000033e-44
1.295509999999999991e+03 1.000832999999999991e-44
1.323809999999999945e+03 9.755136000000000398e-45
1.352410000000000082e+03 9.510707999999999449e-45
1.381319999999999936e+03 9.273853999999998754e-45
1.410529999999999973e+03 9.044664999999998581e-45
1.440049999999999955e+03 8.822820999999999476e-45
1.469869999999999891e+03 8.608016999999999568e-45
1.500000000000000000e+03 8.399965999999999061e-45
-----------------------

