gas_composition
-----------------------
N2 0.7566
O2 0.2037
Ar 0.0097
H2O 0.03
-----------------------

Mobility *N (1/m/V/s)
-----------------------
1.000000000000000000e+00 5.055770000000000199e+24
1.152940000000000076e+00 4.939109999999999902e+24
1.611769999999999925e+00 4.665409999999999869e+24
2.376489999999999991e+00 4.320219999999999900e+24
3.447099999999999831e+00 3.880890000000000090e+24
4.823590000000000266e+00 3.335789999999999917e+24
6.505969999999999587e+00 2.813879999999999801e+24
8.494229999999999947e+00 2.418139999999999766e+24
1.078839999999999932e+01 2.145600000000000050e+24
1.338840000000000074e+01 1.959210000000000094e+24
1.629439999999999955e+01 1.828010000000000127e+24
1.950619999999999976e+01 1.731590000000000061e+24
2.302390000000000114e+01 1.657269999999999915e+24
2.684750000000000014e+01 1.596920000000000052e+24
3.097690000000000055e+01 1.545590000000000066e+24
3.541230000000000189e+01 1.500489999999999884e+24
4.015359999999999729e+01 1.459470000000000076e+24
4.520069999999999766e+01 1.421630000000000030e+24
5.055369999999999919e+01 1.386199999999999927e+24
5.621260000000000190e+01 1.352920000000000061e+24
6.217739999999999867e+01 1.321650000000000075e+24
6.844809999999999661e+01 1.292300000000000123e+24
7.502469999999999573e+01 1.264849999999999999e+24
8.190720000000000312e+01 1.239239999999999897e+24
8.909550000000000125e+01 1.215369999999999867e+24
9.658969999999999345e+01 1.193080000000000019e+24
1.043900000000000006e+02 1.172220000000000026e+24
1.124959999999999951e+02 1.152599999999999960e+24
1.209080000000000013e+02 1.134080000000000000e+24
1.296260000000000048e+02 1.116520000000000057e+24
1.386490000000000009e+02 1.099820000000000047e+24
1.479790000000000134e+02 1.083889999999999991e+24
1.576140000000000043e+02 1.068629999999999940e+24
1.675560000000000116e+02 1.054019999999999957e+24
1.778029999999999973e+02 1.039949999999999992e+24
1.883559999999999945e+02 1.026420000000000045e+24
1.992150000000000034e+02 1.013389999999999975e+24
2.103799999999999955e+02 1.000809999999999943e+24
2.218509999999999991e+02 9.886969999999999872e+23
2.336270000000000095e+02 9.770050000000000406e+23
2.457100000000000080e+02 9.657170000000000637e+23
2.580980000000000132e+02 9.548170000000000270e+23
2.707919999999999732e+02 9.442789999999999332e+23
2.837930000000000064e+02 9.340919999999999381e+23
2.970989999999999895e+02 9.242390000000000024e+23
3.107110000000000127e+02 9.146950000000000045e+23
3.246290000000000191e+02 9.054690000000000364e+23
3.388519999999999754e+02 8.965329999999999463e+23
3.533820000000000050e+02 8.878750000000000139e+23
3.682180000000000177e+02 8.794829999999999824e+23
3.833589999999999804e+02 8.713600000000000168e+23
3.988059999999999832e+02 8.634600000000000493e+23
4.145590000000000259e+02 8.557900000000000173e+23
4.306190000000000282e+02 8.483399999999999528e+23
4.469830000000000041e+02 8.411000000000000220e+23
4.636539999999999964e+02 8.340339999999999911e+23
4.806309999999999718e+02 8.271860000000000414e+23
4.979139999999999873e+02 8.205209999999999494e+23
5.155019999999999527e+02 8.140320000000000461e+23
5.333970000000000482e+02 8.077099999999999712e+23
5.515969999999999800e+02 8.015399999999999738e+23
5.701029999999999518e+02 7.955300000000000016e+23
5.889149999999999636e+02 7.896689999999999421e+23
6.080330000000000155e+02 7.839489999999999819e+23
6.274569999999999936e+02 7.783640000000000598e+23
6.471870000000000118e+02 7.729100000000000005e+23
6.672219999999999800e+02 7.675899999999999691e+23
6.875639999999999645e+02 7.623809999999999987e+23
7.082110000000000127e+02 7.572880000000000063e+23
7.291639999999999873e+02 7.523079999999999612e+23
7.504239999999999782e+02 7.474369999999999567e+23
7.719890000000000327e+02 7.426699999999999418e+23
7.938600000000000136e+02 7.380109999999999573e+23
8.160359999999999445e+02 7.334419999999999533e+23
8.385190000000000055e+02 7.289700000000000016e+23
8.613079999999999927e+02 7.245890000000000406e+23
8.844020000000000437e+02 7.202980000000000603e+23
9.078029999999999973e+02 7.160930000000000197e+23
9.315090000000000146e+02 7.119639999999999507e+23
9.555209999999999582e+02 7.079260000000000068e+23
9.798390000000000555e+02 7.039679999999999413e+23
1.004460000000000036e+03 7.000869999999999919e+23
1.029390000000000100e+03 6.962810000000000039e+23
1.054630000000000109e+03 6.925489999999999672e+23
1.080170000000000073e+03 6.888889999999999955e+23
1.106019999999999982e+03 6.852980000000000582e+23
1.132170000000000073e+03 6.817760000000000210e+23
1.158630000000000109e+03 6.783199999999999874e+23
1.185400000000000091e+03 6.749299999999999575e+23
1.212470000000000027e+03 6.716030000000000349e+23
1.239839999999999918e+03 6.683370000000000647e+23
1.267529999999999973e+03 6.651330000000000574e+23
1.295509999999999991e+03 6.619869999999999720e+23
1.323809999999999945e+03 6.588989999999999426e+23
1.352410000000000082e+03 6.558679999999999591e+23
1.381319999999999936e+03 6.528920000000000010e+23
1.410529999999999973e+03 6.499709999999999342e+23
1.440049999999999955e+03 6.471030000000000066e+23
1.469869999999999891e+03 6.442860000000000634e+23
1.500000000000000000e+03 6.415209999999999809e+23
-----------------------

Townsend ioniz. coef. alpha/N (m2)
-----------------------
1.000000000000000000e+00 0.000000000000000000e+00
1.152940000000000076e+00 0.000000000000000000e+00
1.611769999999999925e+00 0.000000000000000000e+00
2.376489999999999991e+00 0.000000000000000000e+00
3.447099999999999831e+00 0.000000000000000000e+00
4.823590000000000266e+00 0.000000000000000000e+00
6.505969999999999587e+00 0.000000000000000000e+00
8.494229999999999947e+00 0.000000000000000000e+00
1.078839999999999932e+01 0.000000000000000000e+00
1.338840000000000074e+01 0.000000000000000000e+00
1.629439999999999955e+01 0.000000000000000000e+00
1.950619999999999976e+01 5.871650000000000517e-35
2.302390000000000114e+01 1.274149999999999977e-31
2.684750000000000014e+01 3.735100000000000174e-30
3.097690000000000055e+01 5.713630000000000031e-29
3.541230000000000189e+01 5.256940000000000268e-28
4.015359999999999729e+01 3.322179999999999929e-27
4.520069999999999766e+01 1.565919999999999938e-26
5.055369999999999919e+01 5.872999999999999672e-26
5.621260000000000190e+01 1.831970000000000011e-25
6.217739999999999867e+01 4.922749999999999608e-25
6.844809999999999661e+01 1.168700000000000089e-24
7.502469999999999573e+01 2.501500000000000172e-24
8.190720000000000312e+01 4.905970000000000078e-24
8.909550000000000125e+01 8.925559999999999965e-24
9.658969999999999345e+01 1.523100000000000077e-23
1.043900000000000006e+02 2.460380000000000068e-23
1.124959999999999951e+02 3.790329999999999747e-23
1.209080000000000013e+02 5.605570000000000521e-23
1.296260000000000048e+02 8.001000000000000452e-23
1.386490000000000009e+02 1.107199999999999921e-22
1.479790000000000134e+02 1.491319999999999914e-22
1.576140000000000043e+02 1.961539999999999901e-22
1.675560000000000116e+02 2.526590000000000022e-22
1.778029999999999973e+02 3.194109999999999896e-22
1.883559999999999945e+02 3.971290000000000145e-22
1.992150000000000034e+02 4.864540000000000256e-22
2.103799999999999955e+02 5.879200000000000075e-22
2.218509999999999991e+02 7.019540000000000289e-22
2.336270000000000095e+02 8.289149999999999693e-22
2.457100000000000080e+02 9.690260000000000838e-22
2.580980000000000132e+02 1.122490000000000024e-21
2.707919999999999732e+02 1.289349999999999977e-21
2.837930000000000064e+02 1.469599999999999912e-21
2.970989999999999895e+02 1.663169999999999976e-21
3.107110000000000127e+02 1.869890000000000119e-21
3.246290000000000191e+02 2.089550000000000028e-21
3.388519999999999754e+02 2.321890000000000138e-21
3.533820000000000050e+02 2.566610000000000054e-21
3.682180000000000177e+02 2.823340000000000090e-21
3.833589999999999804e+02 3.091670000000000108e-21
3.988059999999999832e+02 3.371330000000000053e-21
4.145590000000000259e+02 3.661779999999999816e-21
4.306190000000000282e+02 3.962600000000000272e-21
4.469830000000000041e+02 4.273370000000000042e-21
4.636539999999999964e+02 4.593539999999999655e-21
4.806309999999999718e+02 4.922940000000000190e-21
4.979139999999999873e+02 5.260830000000000021e-21
5.155019999999999527e+02 5.606859999999999691e-21
5.333970000000000482e+02 5.960580000000000110e-21
5.515969999999999800e+02 6.321370000000000262e-21
5.701029999999999518e+02 6.689310000000000303e-21
5.889149999999999636e+02 7.063529999999999386e-21
6.080330000000000155e+02 7.443770000000000581e-21
6.274569999999999936e+02 7.829600000000000513e-21
6.471870000000000118e+02 8.220649999999999496e-21
6.672219999999999800e+02 8.616429999999999492e-21
6.875639999999999645e+02 9.016879999999999822e-21
7.082110000000000127e+02 9.421360000000000746e-21
7.291639999999999873e+02 9.829609999999999313e-21
7.504239999999999782e+02 1.024129999999999930e-20
7.719890000000000327e+02 1.065609999999999997e-20
7.938600000000000136e+02 1.107359999999999969e-20
8.160359999999999445e+02 1.149379999999999995e-20
8.385190000000000055e+02 1.191600000000000034e-20
8.613079999999999927e+02 1.234030000000000049e-20
8.844020000000000437e+02 1.276609999999999960e-20
9.078029999999999973e+02 1.319340000000000069e-20
9.315090000000000146e+02 1.362160000000000146e-20
9.555209999999999582e+02 1.405080000000000004e-20
9.798390000000000555e+02 1.448079999999999867e-20
1.004460000000000036e+03 1.491110000000000070e-20
1.029390000000000100e+03 1.534159999999999898e-20
1.054630000000000109e+03 1.577220000000000141e-20
1.080170000000000073e+03 1.620239999999999929e-20
1.106019999999999982e+03 1.663219999999999866e-20
1.132170000000000073e+03 1.706150000000000138e-20
1.158630000000000109e+03 1.748989999999999991e-20
1.185400000000000091e+03 1.791740000000000025e-20
1.212470000000000027e+03 1.834380000000000016e-20
1.239839999999999918e+03 1.876890000000000036e-20
1.267529999999999973e+03 1.919249999999999858e-20
1.295509999999999991e+03 1.961460000000000084e-20
1.323809999999999945e+03 2.003479999999999960e-20
1.352410000000000082e+03 2.045319999999999900e-20
1.381319999999999936e+03 2.086970000000000091e-20
1.410529999999999973e+03 2.128399999999999892e-20
1.440049999999999955e+03 2.169600000000000092e-20
1.469869999999999891e+03 2.210579999999999902e-20
1.500000000000000000e+03 2.251300000000000072e-20
-----------------------

Townsend attach. coef. eta/N (m2)
-----------------------
1.000000000000000000e+00 1.470379999999999977e-40
1.152940000000000076e+00 1.261280000000000090e-40
1.611769999999999925e+00 8.571650000000000419e-41
2.376489999999999991e+00 5.307510000000000188e-41
3.447099999999999831e+00 3.236470000000000081e-41
4.823590000000000266e+00 1.990489999999999905e-41
6.505969999999999587e+00 1.267039999999999873e-41
8.494229999999999947e+00 8.561680000000000484e-42
1.078839999999999932e+01 6.173050000000000368e-42
1.338840000000000074e+01 5.104309999999999593e-31
1.629439999999999955e+01 2.996340000000000119e-29
1.950619999999999976e+01 6.622379999999999638e-28
2.302390000000000114e+01 6.963220000000000463e-27
2.684750000000000014e+01 4.296580000000000109e-26
3.097690000000000055e+01 1.801649999999999904e-25
3.541230000000000189e+01 5.646970000000000000e-25
4.015359999999999729e+01 1.420590000000000083e-24
4.520069999999999766e+01 3.009049999999999975e-24
5.055369999999999919e+01 5.564460000000000022e-24
5.621260000000000190e+01 9.208450000000000606e-24
6.217739999999999867e+01 1.391180000000000083e-23
6.844809999999999661e+01 1.947110000000000025e-23
7.502469999999999573e+01 2.555919999999999890e-23
8.190720000000000312e+01 3.179509999999999841e-23
8.909550000000000125e+01 3.779409999999999888e-23
9.658969999999999345e+01 4.326350000000000231e-23
1.043900000000000006e+02 4.800899999999999797e-23
1.124959999999999951e+02 5.192419999999999717e-23
1.209080000000000013e+02 5.499679999999999857e-23
1.296260000000000048e+02 5.726809999999999994e-23
1.386490000000000009e+02 5.881209999999999704e-23
1.479790000000000134e+02 5.972459999999999602e-23
1.576140000000000043e+02 6.010309999999999834e-23
1.675560000000000116e+02 6.004200000000000228e-23
1.778029999999999973e+02 5.962289999999999438e-23
1.883559999999999945e+02 5.892140000000000123e-23
1.992150000000000034e+02 5.800060000000000163e-23
2.103799999999999955e+02 5.691400000000000085e-23
2.218509999999999991e+02 5.570409999999999923e-23
2.336270000000000095e+02 5.440720000000000244e-23
2.457100000000000080e+02 5.305220000000000132e-23
2.580980000000000132e+02 5.166280000000000103e-23
2.707919999999999732e+02 5.025640000000000060e-23
2.837930000000000064e+02 4.884809999999999954e-23
2.970989999999999895e+02 4.744900000000000249e-23
3.107110000000000127e+02 4.606820000000000199e-23
3.246290000000000191e+02 4.471189999999999858e-23
3.388519999999999754e+02 4.338510000000000197e-23
3.533820000000000050e+02 4.209150000000000195e-23
3.682180000000000177e+02 4.083359999999999753e-23
3.833589999999999804e+02 3.961320000000000135e-23
3.988059999999999832e+02 3.843060000000000084e-23
4.145590000000000259e+02 3.728649999999999995e-23
4.306190000000000282e+02 3.618109999999999812e-23
4.469830000000000041e+02 3.511390000000000261e-23
4.636539999999999964e+02 3.408470000000000222e-23
4.806309999999999718e+02 3.309190000000000135e-23
4.979139999999999873e+02 3.213520000000000085e-23
5.155019999999999527e+02 3.121339999999999813e-23
5.333970000000000482e+02 3.032560000000000156e-23
5.515969999999999800e+02 2.947090000000000187e-23
5.701029999999999518e+02 2.864749999999999814e-23
5.889149999999999636e+02 2.785469999999999818e-23
6.080330000000000155e+02 2.709139999999999915e-23
6.274569999999999936e+02 2.635640000000000142e-23
6.471870000000000118e+02 2.564859999999999919e-23
6.672219999999999800e+02 2.496710000000000085e-23
6.875639999999999645e+02 2.431050000000000142e-23
7.082110000000000127e+02 2.367800000000000018e-23
7.291639999999999873e+02 2.306859999999999989e-23
7.504239999999999782e+02 2.248140000000000008e-23
7.719890000000000327e+02 2.191550000000000031e-23
7.938600000000000136e+02 2.137019999999999955e-23
8.160359999999999445e+02 2.084409999999999875e-23
8.385190000000000055e+02 2.033679999999999899e-23
8.613079999999999927e+02 1.984739999999999982e-23
8.844020000000000437e+02 1.937529999999999997e-23
9.078029999999999973e+02 1.891969999999999869e-23
9.315090000000000146e+02 1.847980000000000113e-23
9.555209999999999582e+02 1.805519999999999957e-23
9.798390000000000555e+02 1.764519999999999890e-23
1.004460000000000036e+03 1.724910000000000103e-23
1.029390000000000100e+03 1.686640000000000147e-23
1.054630000000000109e+03 1.649659999999999866e-23
1.080170000000000073e+03 1.613910000000000013e-23
1.106019999999999982e+03 1.579360000000000083e-23
1.132170000000000073e+03 1.545930000000000003e-23
1.158630000000000109e+03 1.513600000000000123e-23
1.185400000000000091e+03 1.482319999999999991e-23
1.212470000000000027e+03 1.452040000000000040e-23
1.239839999999999918e+03 1.422740000000000031e-23
1.267529999999999973e+03 1.394370000000000102e-23
1.295509999999999991e+03 1.366890000000000070e-23
1.323809999999999945e+03 1.340289999999999961e-23
1.352410000000000082e+03 1.314509999999999942e-23
1.381319999999999936e+03 1.289519999999999949e-23
1.410529999999999973e+03 1.265300000000000036e-23
1.440049999999999955e+03 1.241829999999999964e-23
1.469869999999999891e+03 1.219060000000000020e-23
1.500000000000000000e+03 1.196990000000000055e-23
-----------------------

Three-body attachment rate (m6/s)
-----------------------
1.000000000000000000e+00 3.649424999999999770e-42
1.152940000000000076e+00 3.525963000000000149e-42
1.611769999999999925e+00 3.164227000000000205e-42
2.376489999999999991e+00 2.675111999999999944e-42
3.447099999999999831e+00 2.125519999999999730e-42
4.823590000000000266e+00 1.572309999999999995e-42
6.505969999999999587e+00 1.138718999999999883e-42
8.494229999999999947e+00 8.633258000000000829e-43
1.078839999999999932e+01 7.014783999999999676e-43
1.338840000000000074e+01 6.057001999999999815e-43
1.629439999999999955e+01 5.467200999999999768e-43
1.950619999999999976e+01 5.085478999999999697e-43
2.302390000000000114e+01 4.824434999999999807e-43
2.684750000000000014e+01 4.634364000000000094e-43
3.097690000000000055e+01 4.485120000000000059e-43
3.541230000000000189e+01 4.357081000000000094e-43
4.015359999999999729e+01 4.235015000000000186e-43
4.520069999999999766e+01 4.107279999999999814e-43
5.055369999999999919e+01 3.964312000000000288e-43
5.621260000000000190e+01 3.800031999999999319e-43
6.217739999999999867e+01 3.611922999999999818e-43
6.844809999999999661e+01 3.402015000000000198e-43
7.502469999999999573e+01 3.175362999999999715e-43
8.190720000000000312e+01 2.939163999999999892e-43
8.909550000000000125e+01 2.701773999999999756e-43
9.658969999999999345e+01 2.470283999999999792e-43
1.043900000000000006e+02 2.250221999999999592e-43
1.124959999999999951e+02 2.045695999999999794e-43
1.209080000000000013e+02 1.858594999999999931e-43
1.296260000000000048e+02 1.689590999999999827e-43
1.386490000000000009e+02 1.538283000000000088e-43
1.479790000000000134e+02 1.403629999999999925e-43
1.576140000000000043e+02 1.284237999999999979e-43
1.675560000000000116e+02 1.178459999999999950e-43
1.778029999999999973e+02 1.084987999999999962e-43
1.883559999999999945e+02 1.002234000000000062e-43
1.992150000000000034e+02 9.288444999999999919e-44
2.103799999999999955e+02 8.636457999999999852e-44
2.218509999999999991e+02 8.055205000000000148e-44
2.336270000000000095e+02 7.535659999999999838e-44
2.457100000000000080e+02 7.069834000000000588e-44
2.580980000000000132e+02 6.650429999999999068e-44
2.707919999999999732e+02 6.272099999999998938e-44
2.837930000000000064e+02 5.929400999999999752e-44
2.970989999999999895e+02 5.617929999999999727e-44
3.107110000000000127e+02 5.334161999999999946e-44
3.246290000000000191e+02 5.074309999999999910e-44
3.388519999999999754e+02 4.835842999999999806e-44
3.533820000000000050e+02 4.616343999999999375e-44
3.682180000000000177e+02 4.413720999999999740e-44
3.833589999999999804e+02 4.225568999999999702e-44
3.988059999999999832e+02 4.051518999999999488e-44
4.145590000000000259e+02 3.889585999999999409e-44
4.306190000000000282e+02 3.738551999999999619e-44
4.469830000000000041e+02 3.597361999999999891e-44
4.636539999999999964e+02 3.465645999999999619e-44
4.806309999999999718e+02 3.341415000000000254e-44
4.979139999999999873e+02 3.224585999999999741e-44
5.155019999999999527e+02 3.114498999999999406e-44
5.333970000000000482e+02 3.010581999999999837e-44
5.515969999999999800e+02 2.912579999999999815e-44
5.701029999999999518e+02 2.819500999999999912e-44
5.889149999999999636e+02 2.731240000000000124e-44
6.080330000000000155e+02 2.647414999999999788e-44
6.274569999999999936e+02 2.567695999999999817e-44
6.471870000000000118e+02 2.491786999999999626e-44
6.672219999999999800e+02 2.419141999999999594e-44
6.875639999999999645e+02 2.350077000000000069e-44
7.082110000000000127e+02 2.284088999999999975e-44
7.291639999999999873e+02 2.220968999999999892e-44
7.504239999999999782e+02 2.160535000000000028e-44
7.719890000000000327e+02 2.102614999999999727e-44
7.938600000000000136e+02 2.046815000000000012e-44
8.160359999999999445e+02 1.993483999999999894e-44
8.385190000000000055e+02 1.942244999999999896e-44
8.613079999999999927e+02 1.892970999999999825e-44
8.844020000000000437e+02 1.845553999999999914e-44
9.078029999999999973e+02 1.799887999999999820e-44
9.315090000000000146e+02 1.755999999999999923e-44
9.555209999999999582e+02 1.713554999999999700e-44
9.798390000000000555e+02 1.672597000000000026e-44
1.004460000000000036e+03 1.633051000000000045e-44
1.029390000000000100e+03 1.594844999999999909e-44
1.054630000000000109e+03 1.557913999999999890e-44
1.080170000000000073e+03 1.522197000000000112e-44
1.106019999999999982e+03 1.487600000000000041e-44
1.132170000000000073e+03 1.454140999999999765e-44
1.158630000000000109e+03 1.421733999999999950e-44
1.185400000000000091e+03 1.390329999999999782e-44
1.212470000000000027e+03 1.359885999999999969e-44
1.239839999999999918e+03 1.330357999999999885e-44
1.267529999999999973e+03 1.301708999999999768e-44
1.295509999999999991e+03 1.273901000000000018e-44
1.323809999999999945e+03 1.246939999999999916e-44
1.352410000000000082e+03 1.220708999999999900e-44
1.381319999999999936e+03 1.195219999999999778e-44
1.410529999999999973e+03 1.170443999999999991e-44
1.440049999999999955e+03 1.146351999999999987e-44
1.469869999999999891e+03 1.122919999999999900e-44
1.500000000000000000e+03 1.100119999999999887e-44
-----------------------

