gas_composition
-----------------------
N2 0.78
O2 0.21
Ar 0.01
-----------------------

Mobility *N (1/m/V/s)
-----------------------
1.000000000000000000e+00 6.215620000000000460e+24
1.152940000000000076e+00 5.921899999999999762e+24
1.611769999999999925e+00 5.231459999999999747e+24
2.376489999999999991e+00 4.378599999999999755e+24
3.447099999999999831e+00 3.540290000000000071e+24
4.823590000000000266e+00 2.895780000000000133e+24
6.505969999999999587e+00 2.465459999999999827e+24
8.494229999999999947e+00 2.184739999999999965e+24
1.078839999999999932e+01 1.996340000000000129e+24
1.338840000000000074e+01 1.864530000000000100e+24
1.629439999999999955e+01 1.768069999999999894e+24
1.950619999999999976e+01 1.694020000000000091e+24
2.302390000000000114e+01 1.634039999999999985e+24
2.684750000000000014e+01 1.583439999999999945e+24
3.097690000000000055e+01 1.538849999999999878e+24
3.541230000000000189e+01 1.498179999999999890e+24
4.015359999999999729e+01 1.460239999999999895e+24
4.520069999999999766e+01 1.424310000000000049e+24
5.055369999999999919e+01 1.389949999999999879e+24
5.621260000000000190e+01 1.357230000000000101e+24
6.217739999999999867e+01 1.326069999999999898e+24
6.844809999999999661e+01 1.296539999999999984e+24
7.502469999999999573e+01 1.268699999999999900e+24
8.190720000000000312e+01 1.242590000000000055e+24
8.909550000000000125e+01 1.218170000000000039e+24
9.658969999999999345e+01 1.195329999999999937e+24
1.043900000000000006e+02 1.173949999999999996e+24
1.124959999999999951e+02 1.153870000000000059e+24
1.209080000000000013e+02 1.134950000000000036e+24
1.296260000000000048e+02 1.117080000000000010e+24
1.386490000000000009e+02 1.100070000000000053e+24
1.479790000000000134e+02 1.083859999999999953e+24
1.576140000000000043e+02 1.068369999999999966e+24
1.675560000000000116e+02 1.053530000000000048e+24
1.778029999999999973e+02 1.039279999999999987e+24
1.883559999999999945e+02 1.025569999999999945e+24
1.992150000000000034e+02 1.012339999999999978e+24
2.103799999999999955e+02 9.996360000000000199e+23
2.218509999999999991e+02 9.873849999999999955e+23
2.336270000000000095e+02 9.755649999999999484e+23
2.457100000000000080e+02 9.641579999999999628e+23
2.580980000000000132e+02 9.531400000000000619e+23
2.707919999999999732e+02 9.424939999999999376e+23
2.837930000000000064e+02 9.322039999999999633e+23
2.970989999999999895e+02 9.222539999999999754e+23
3.107110000000000127e+02 9.126210000000000071e+23
3.246290000000000191e+02 9.033059999999999345e+23
3.388519999999999754e+02 8.942850000000000490e+23
3.533820000000000050e+02 8.855469999999999699e+23
3.682180000000000177e+02 8.770600000000000409e+23
3.833589999999999804e+02 8.688459999999999502e+23
3.988059999999999832e+02 8.608789999999999688e+23
4.145590000000000259e+02 8.531449999999999536e+23
4.306190000000000282e+02 8.456339999999999366e+23
4.469830000000000041e+02 8.383479999999999381e+23
4.636539999999999964e+02 8.312499999999999827e+23
4.806309999999999718e+02 8.243459999999999974e+23
4.979139999999999873e+02 8.176280000000000346e+23
5.155019999999999527e+02 8.110870000000000024e+23
5.333970000000000482e+02 8.047189999999999940e+23
5.515969999999999800e+02 7.985089999999999903e+23
5.701029999999999518e+02 7.924539999999999607e+23
5.889149999999999636e+02 7.865489999999999882e+23
6.080330000000000155e+02 7.807859999999999911e+23
6.274569999999999936e+02 7.751610000000000627e+23
6.471870000000000118e+02 7.696600000000000598e+23
6.672219999999999800e+02 7.642929999999999505e+23
6.875639999999999645e+02 7.590490000000000249e+23
7.082110000000000127e+02 7.539229999999999636e+23
7.291639999999999873e+02 7.489099999999999837e+23
7.504239999999999782e+02 7.440070000000000548e+23
7.719890000000000327e+02 7.391949999999999824e+23
7.938600000000000136e+02 7.345000000000000325e+23
8.160359999999999445e+02 7.299050000000000312e+23
8.385190000000000055e+02 7.254050000000000616e+23
8.613079999999999927e+02 7.209989999999999793e+23
8.844020000000000437e+02 7.166820000000000016e+23
9.078029999999999973e+02 7.124529999999999840e+23
9.315090000000000146e+02 7.083149999999999573e+23
9.555209999999999582e+02 7.042540000000000467e+23
9.798390000000000555e+02 7.002720000000000042e+23
1.004460000000000036e+03 6.963689999999999641e+23
1.029390000000000100e+03 6.925420000000000299e+23
1.054630000000000109e+03 6.887900000000000571e+23
1.080170000000000073e+03 6.851090000000000050e+23
1.106019999999999982e+03 6.815000000000000178e+23
1.132170000000000073e+03 6.779590000000000548e+23
1.158630000000000109e+03 6.744849999999999714e+23
1.185400000000000091e+03 6.710770000000000260e+23
1.212470000000000027e+03 6.677320000000000535e+23
1.239839999999999918e+03 6.644500000000000540e+23
1.267529999999999973e+03 6.612300000000000173e+23
1.295509999999999991e+03 6.580619999999999754e+23
1.323809999999999945e+03 6.549599999999999371e+23
1.352410000000000082e+03 6.519149999999999447e+23
1.381319999999999936e+03 6.489259999999999879e+23
1.410529999999999973e+03 6.459910000000000464e+23
1.440049999999999955e+03 6.431099999999999858e+23
1.469869999999999891e+03 6.402820000000000645e+23
1.500000000000000000e+03 6.375039999999999832e+23
-----------------------

Townsend ioniz. coef. alpha/N (m2)
-----------------------
1.000000000000000000e+00 0.000000000000000000e+00
1.152940000000000076e+00 0.000000000000000000e+00
1.611769999999999925e+00 0.000000000000000000e+00
2.376489999999999991e+00 0.000000000000000000e+00
3.447099999999999831e+00 0.000000000000000000e+00
4.823590000000000266e+00 0.000000000000000000e+00
6.505969999999999587e+00 0.000000000000000000e+00
8.494229999999999947e+00 0.000000000000000000e+00
1.078839999999999932e+01 0.000000000000000000e+00
1.338840000000000074e+01 0.000000000000000000e+00
1.629439999999999955e+01 0.000000000000000000e+00
1.950619999999999976e+01 0.000000000000000000e+00
2.302390000000000114e+01 1.040110000000000004e-31
2.684750000000000014e+01 3.024319999999999939e-30
3.097690000000000055e+01 4.634819999999999877e-29
3.541230000000000189e+01 4.262839999999999930e-28
4.015359999999999729e+01 2.699360000000000050e-27
4.520069999999999766e+01 1.275199999999999954e-26
5.055369999999999919e+01 4.799430000000000223e-26
5.621260000000000190e+01 1.504259999999999901e-25
6.217739999999999867e+01 4.068030000000000044e-25
6.844809999999999661e+01 9.731560000000000622e-25
7.502469999999999573e+01 2.101569999999999936e-24
8.190720000000000312e+01 4.161130000000000240e-24
8.909550000000000125e+01 7.648500000000000477e-24
9.658969999999999345e+01 1.318890000000000059e-23
1.043900000000000006e+02 2.152430000000000068e-23
1.124959999999999951e+02 3.349119999999999921e-23
1.209080000000000013e+02 4.999860000000000041e-23
1.296260000000000048e+02 7.199969999999999680e-23
1.386490000000000009e+02 1.004600000000000058e-22
1.479790000000000134e+02 1.363550000000000112e-22
1.576140000000000043e+02 1.806180000000000018e-22
1.675560000000000116e+02 2.341590000000000069e-22
1.778029999999999973e+02 2.977909999999999942e-22
1.883559999999999945e+02 3.722759999999999782e-22
1.992150000000000034e+02 4.583000000000000417e-22
2.103799999999999955e+02 5.564360000000000386e-22
2.218509999999999991e+02 6.671700000000000392e-22
2.336270000000000095e+02 7.908839999999999773e-22
2.457100000000000080e+02 9.278389999999999559e-22
2.580980000000000132e+02 1.078270000000000009e-21
2.707919999999999732e+02 1.242240000000000080e-21
2.837930000000000064e+02 1.419769999999999993e-21
2.970989999999999895e+02 1.610800000000000009e-21
3.107110000000000127e+02 1.815179999999999929e-21
3.246290000000000191e+02 2.032680000000000153e-21
3.388519999999999754e+02 2.263080000000000065e-21
3.533820000000000050e+02 2.506060000000000171e-21
3.682180000000000177e+02 2.761160000000000142e-21
3.833589999999999804e+02 3.028279999999999970e-21
3.988059999999999832e+02 3.306760000000000066e-21
4.145590000000000259e+02 3.596250000000000220e-21
4.306190000000000282e+02 3.896290000000000100e-21
4.469830000000000041e+02 4.206360000000000202e-21
4.636539999999999964e+02 4.526290000000000101e-21
4.806309999999999718e+02 4.855289999999999858e-21
4.979139999999999873e+02 5.193020000000000131e-21
5.155019999999999527e+02 5.539020000000000212e-21
5.333970000000000482e+02 5.892700000000000177e-21
5.515969999999999800e+02 6.253979999999999871e-21
5.701029999999999518e+02 6.622119999999999925e-21
5.889149999999999636e+02 6.996780000000000240e-21
6.080330000000000155e+02 7.377529999999999699e-21
6.274569999999999936e+02 7.763980000000000648e-21
6.471870000000000118e+02 8.155630000000000421e-21
6.672219999999999800e+02 8.552379999999999388e-21
6.875639999999999645e+02 8.953599999999999429e-21
7.082110000000000127e+02 9.359010000000000373e-21
7.291639999999999873e+02 9.768239999999999529e-21
7.504239999999999782e+02 1.018099999999999962e-20
7.719890000000000327e+02 1.059669999999999998e-20
7.938600000000000136e+02 1.101560000000000053e-20
8.160359999999999445e+02 1.143689999999999974e-20
8.385190000000000055e+02 1.186049999999999947e-20
8.613079999999999927e+02 1.228599999999999969e-20
8.844020000000000437e+02 1.271319999999999964e-20
9.078029999999999973e+02 1.314180000000000044e-20
9.315090000000000146e+02 1.357159999999999980e-20
9.555209999999999582e+02 1.400230000000000036e-20
9.798390000000000555e+02 1.443380000000000096e-20
1.004460000000000036e+03 1.486570000000000008e-20
1.029390000000000100e+03 1.529789999999999960e-20
1.054630000000000109e+03 1.573000000000000099e-20
1.080170000000000073e+03 1.616200000000000125e-20
1.106019999999999982e+03 1.659349999999999884e-20
1.132170000000000073e+03 1.702449999999999979e-20
1.158630000000000109e+03 1.745479999999999881e-20
1.185400000000000091e+03 1.788409999999999852e-20
1.212470000000000027e+03 1.831230000000000080e-20
1.239839999999999918e+03 1.873930000000000149e-20
1.267529999999999973e+03 1.916480000000000021e-20
1.295509999999999991e+03 1.958869999999999883e-20
1.323809999999999945e+03 2.001100000000000035e-20
1.352410000000000082e+03 2.043149999999999951e-20
1.381319999999999936e+03 2.084989999999999890e-20
1.410529999999999973e+03 2.126629999999999968e-20
1.440049999999999955e+03 2.168049999999999956e-20
1.469869999999999891e+03 2.209229999999999929e-20
1.500000000000000000e+03 2.250169999999999887e-20
-----------------------

Townsend attach. coef. eta/N (m2)
-----------------------
1.000000000000000000e+00 8.300410000000000179e-41
1.152940000000000076e+00 7.124499999999999888e-41
1.611769999999999925e+00 4.925720000000000323e-41
2.376489999999999991e+00 3.140650000000000041e-41
3.447099999999999831e+00 1.991410000000000073e-41
4.823590000000000266e+00 1.311879999999999943e-41
6.505969999999999587e+00 9.172409999999999920e-42
8.494229999999999947e+00 6.794109999999999738e-42
1.078839999999999932e+01 5.269749999999999848e-42
1.338840000000000074e+01 3.481560000000000134e-31
1.629439999999999955e+01 2.001160000000000087e-29
1.950619999999999976e+01 4.379980000000000056e-28
2.302390000000000114e+01 4.612090000000000104e-27
2.684750000000000014e+01 2.862619999999999802e-26
3.097690000000000055e+01 1.209549999999999927e-25
3.541230000000000189e+01 3.825670000000000198e-25
4.015359999999999729e+01 9.714399999999999311e-25
4.520069999999999766e+01 2.076010000000000119e-24
5.055369999999999919e+01 3.872339999999999707e-24
5.621260000000000190e+01 6.460570000000000268e-24
6.217739999999999867e+01 9.837820000000000486e-24
6.844809999999999661e+01 1.386989999999999884e-23
7.502469999999999573e+01 1.833180000000000081e-23
8.190720000000000312e+01 2.294570000000000088e-23
8.909550000000000125e+01 2.743200000000000021e-23
9.658969999999999345e+01 3.156360000000000210e-23
1.043900000000000006e+02 3.518369999999999819e-23
1.124959999999999951e+02 3.820309999999999937e-23
1.209080000000000013e+02 4.060109999999999809e-23
1.296260000000000048e+02 4.240120000000000007e-23
1.386490000000000009e+02 4.365380000000000148e-23
1.479790000000000134e+02 4.442740000000000149e-23
1.576140000000000043e+02 4.479289999999999853e-23
1.675560000000000116e+02 4.482089999999999772e-23
1.778029999999999973e+02 4.457299999999999961e-23
1.883559999999999945e+02 4.410639999999999928e-23
1.992150000000000034e+02 4.346870000000000063e-23
2.103799999999999955e+02 4.270160000000000032e-23
2.218509999999999991e+02 4.183800000000000166e-23
2.336270000000000095e+02 4.090559999999999879e-23
2.457100000000000080e+02 3.992650000000000129e-23
2.580980000000000132e+02 3.891909999999999955e-23
2.707919999999999732e+02 3.789699999999999721e-23
2.837930000000000064e+02 3.687159999999999809e-23
2.970989999999999895e+02 3.585180000000000116e-23
3.107110000000000127e+02 3.484439999999999942e-23
3.246290000000000191e+02 3.385450000000000232e-23
3.388519999999999754e+02 3.288579999999999964e-23
3.533820000000000050e+02 3.194130000000000076e-23
3.682180000000000177e+02 3.102319999999999959e-23
3.833589999999999804e+02 3.013190000000000092e-23
3.988059999999999832e+02 2.926860000000000143e-23
4.145590000000000259e+02 2.843370000000000003e-23
4.306190000000000282e+02 2.762710000000000287e-23
4.469830000000000041e+02 2.684889999999999791e-23
4.636539999999999964e+02 2.609809999999999967e-23
4.806309999999999718e+02 2.537449999999999988e-23
4.979139999999999873e+02 2.467730000000000075e-23
5.155019999999999527e+02 2.400590000000000100e-23
5.333970000000000482e+02 2.335959999999999961e-23
5.515969999999999800e+02 2.273719999999999991e-23
5.701029999999999518e+02 2.213800000000000087e-23
5.889149999999999636e+02 2.156129999999999855e-23
6.080330000000000155e+02 2.100609999999999866e-23
6.274569999999999936e+02 2.047170000000000017e-23
6.471870000000000118e+02 1.995729999999999942e-23
6.672219999999999800e+02 1.946189999999999917e-23
6.875639999999999645e+02 1.898480000000000135e-23
7.082110000000000127e+02 1.852539999999999879e-23
7.291639999999999873e+02 1.808279999999999986e-23
7.504239999999999782e+02 1.765640000000000033e-23
7.719890000000000327e+02 1.724559999999999893e-23
7.938600000000000136e+02 1.684950000000000106e-23
8.160359999999999445e+02 1.646769999999999902e-23
8.385190000000000055e+02 1.609940000000000089e-23
8.613079999999999927e+02 1.574429999999999868e-23
8.844020000000000437e+02 1.540160000000000047e-23
9.078029999999999973e+02 1.507089999999999856e-23
9.315090000000000146e+02 1.475179999999999993e-23
9.555209999999999582e+02 1.444360000000000061e-23
9.798390000000000555e+02 1.414600000000000146e-23
1.004460000000000036e+03 1.385840000000000117e-23
1.029390000000000100e+03 1.358060000000000030e-23
1.054630000000000109e+03 1.331210000000000024e-23
1.080170000000000073e+03 1.305250000000000060e-23
1.106019999999999982e+03 1.280149999999999929e-23
1.132170000000000073e+03 1.255870000000000035e-23
1.158630000000000109e+03 1.232370000000000046e-23
1.185400000000000091e+03 1.209639999999999991e-23
1.212470000000000027e+03 1.187630000000000008e-23
1.239839999999999918e+03 1.166310000000000031e-23
1.267529999999999973e+03 1.145669999999999943e-23
1.295509999999999991e+03 1.125689999999999944e-23
1.323809999999999945e+03 1.106320000000000027e-23
1.352410000000000082e+03 1.087539999999999951e-23
1.381319999999999936e+03 1.069330000000000067e-23
1.410529999999999973e+03 1.051679999999999961e-23
1.440049999999999955e+03 1.034550000000000037e-23
1.469869999999999891e+03 1.017940000000000001e-23
1.500000000000000000e+03 1.001819999999999937e-23
-----------------------

Three-body attachment rate (m6/s)
-----------------------
1.000000000000000000e+00 2.456770000000000048e-42
1.152940000000000076e+00 2.316350000000000002e-42
1.611769999999999925e+00 1.977778999999999985e-42
2.376489999999999991e+00 1.556222000000000142e-42
3.447099999999999831e+00 1.157265999999999920e-42
4.823590000000000266e+00 8.725939999999999499e-43
6.505969999999999587e+00 7.006077999999999906e-43
8.494229999999999947e+00 6.003945999999999932e-43
1.078839999999999932e+01 5.404587999999999966e-43
1.338840000000000074e+01 5.029387999999999587e-43
1.629439999999999955e+01 4.782214999999999116e-43
1.950619999999999976e+01 4.610062999999999573e-43
2.302390000000000114e+01 4.482048999999999661e-43
2.684750000000000014e+01 4.379662999999999772e-43
3.097690000000000055e+01 4.290296999999999949e-43
3.541230000000000189e+01 4.204672999999999814e-43
4.015359999999999729e+01 4.114264999999999660e-43
4.520069999999999766e+01 4.011375999999999692e-43
5.055369999999999919e+01 3.889030999999999446e-43
5.621260000000000190e+01 3.742774000000000206e-43
6.217739999999999867e+01 3.570635999999999800e-43
6.844809999999999661e+01 3.374702999999999963e-43
7.502469999999999573e+01 3.159916000000000202e-43
8.190720000000000312e+01 2.933453999999999963e-43
8.909550000000000125e+01 2.703492999999999803e-43
9.658969999999999345e+01 2.477344999999999736e-43
1.043900000000000006e+02 2.260853999999999801e-43
1.124959999999999951e+02 2.058435999999999983e-43
1.209080000000000013e+02 1.872360999999999844e-43
1.296260000000000048e+02 1.703498999999999953e-43
1.386490000000000009e+02 1.551902999999999835e-43
1.479790000000000134e+02 1.416617999999999772e-43
1.576140000000000043e+02 1.296411999999999987e-43
1.675560000000000116e+02 1.189809999999999938e-43
1.778029999999999973e+02 1.095399999999999983e-43
1.883559999999999945e+02 1.011728000000000079e-43
1.992150000000000034e+02 9.375538999999999111e-44
2.103799999999999955e+02 8.715107999999999862e-44
2.218509999999999991e+02 8.126339999999999107e-44
2.336270000000000095e+02 7.599968999999999710e-44
2.457100000000000080e+02 7.127965999999998831e-44
2.580980000000000132e+02 6.703153999999999688e-44
2.707919999999999732e+02 6.319813999999999521e-44
2.837930000000000064e+02 5.972620000000000436e-44
2.970989999999999895e+02 5.657120999999999423e-44
3.107110000000000127e+02 5.369477000000000045e-44
3.246290000000000191e+02 5.106432999999999695e-44
3.388519999999999754e+02 4.865093999999999480e-44
3.533820000000000050e+02 4.643019999999999360e-44
3.682180000000000177e+02 4.438662000000000066e-44
3.833589999999999804e+02 4.248944000000000014e-44
3.988059999999999832e+02 4.072949999999999973e-44
4.145590000000000259e+02 3.909253999999999769e-44
4.306190000000000282e+02 3.756629999999999851e-44
4.469830000000000041e+02 3.613513999999999884e-44
4.636539999999999964e+02 3.479960999999999466e-44
4.806309999999999718e+02 3.354655999999999949e-44
4.979139999999999873e+02 3.236835999999999846e-44
5.155019999999999527e+02 3.125853000000000044e-44
5.333970000000000482e+02 3.020965999999999990e-44
5.515969999999999800e+02 2.921975000000000056e-44
5.701029999999999518e+02 2.828272000000000159e-44
5.889149999999999636e+02 2.739430999999999758e-44
6.080330000000000155e+02 2.655079999999999564e-44
6.274569999999999936e+02 2.574883999999999803e-44
6.471870000000000118e+02 2.498717999999999712e-44
6.672219999999999800e+02 2.425935999999999855e-44
6.875639999999999645e+02 2.356493999999999857e-44
7.082110000000000127e+02 2.290157000000000254e-44
7.291639999999999873e+02 2.226720999999999822e-44
7.504239999999999782e+02 2.165998999999999827e-44
7.719890000000000327e+02 2.108122999999999903e-44
7.938600000000000136e+02 2.052302999999999926e-44
8.160359999999999445e+02 1.998728999999999891e-44
8.385190000000000055e+02 1.947262999999999887e-44
8.613079999999999927e+02 1.897785999999999926e-44
8.844020000000000437e+02 1.850180000000000107e-44
9.078029999999999973e+02 1.804342999999999944e-44
9.315090000000000146e+02 1.760037999999999797e-44
9.555209999999999582e+02 1.717465000000000041e-44
9.798390000000000555e+02 1.676391999999999984e-44
1.004460000000000036e+03 1.636740999999999749e-44
1.029390000000000100e+03 1.598439999999999741e-44
1.054630000000000109e+03 1.561423999999999980e-44
1.080170000000000073e+03 1.525629999999999917e-44
1.106019999999999982e+03 1.490977999999999998e-44
1.132170000000000073e+03 1.457454999999999831e-44
1.158630000000000109e+03 1.424990999999999993e-44
1.185400000000000091e+03 1.393535999999999830e-44
1.212470000000000027e+03 1.363045000000000124e-44
1.239839999999999918e+03 1.333475999999999927e-44
1.267529999999999973e+03 1.304788999999999961e-44
1.295509999999999991e+03 1.276932999999999982e-44
1.323809999999999945e+03 1.249901999999999961e-44
1.352410000000000082e+03 1.223647000000000079e-44
1.381319999999999936e+03 1.198137000000000105e-44
1.410529999999999973e+03 1.173341999999999896e-44
1.440049999999999955e+03 1.149235000000000069e-44
1.469869999999999891e+03 1.125786999999999822e-44
1.500000000000000000e+03 1.102975000000000001e-44
-----------------------

