Mobility *N (1/m/V/s)
-----------------------
1.000000000000000000e+00 4.102629999999999868e+24
1.152940000000000076e+00 3.814709999999999948e+24
1.611769999999999925e+00 3.260979999999999861e+24
2.376489999999999991e+00 2.793559999999999826e+24
3.447099999999999831e+00 2.455149999999999917e+24
4.823590000000000266e+00 2.200889999999999989e+24
6.505969999999999587e+00 2.003849999999999867e+24
8.494229999999999947e+00 1.850800000000000122e+24
1.078839999999999932e+01 1.731980000000000022e+24
1.338840000000000074e+01 1.639090000000000075e+24
1.629439999999999955e+01 1.565299999999999978e+24
1.950619999999999976e+01 1.505580000000000114e+24
2.302390000000000114e+01 1.455729999999999958e+24
2.684750000000000014e+01 1.412920000000000103e+24
3.097690000000000055e+01 1.374939999999999967e+24
3.541230000000000189e+01 1.340240000000000080e+24
4.015359999999999729e+01 1.307749999999999969e+24
4.520069999999999766e+01 1.276979999999999995e+24
5.055369999999999919e+01 1.247489999999999953e+24
5.621260000000000190e+01 1.219079999999999948e+24
6.217739999999999867e+01 1.191709999999999971e+24
6.844809999999999661e+01 1.165620000000000062e+24
7.502469999999999573e+01 1.140889999999999964e+24
8.190720000000000312e+01 1.117660000000000035e+24
8.909550000000000125e+01 1.096050000000000025e+24
9.658969999999999345e+01 1.076080000000000004e+24
1.043900000000000006e+02 1.057709999999999967e+24
1.124959999999999951e+02 1.040829999999999996e+24
1.209080000000000013e+02 1.025279999999999933e+24
1.296260000000000048e+02 1.010949999999999994e+24
1.386490000000000009e+02 9.975100000000000278e+23
1.479790000000000134e+02 9.848920000000000094e+23
1.576140000000000043e+02 9.728599999999999423e+23
1.675560000000000116e+02 9.615010000000000448e+23
1.778029999999999973e+02 9.506180000000000477e+23
1.883559999999999945e+02 9.401390000000000202e+23
1.992150000000000034e+02 9.300460000000000467e+23
2.103799999999999955e+02 9.202199999999999843e+23
2.218509999999999991e+02 9.106680000000000388e+23
2.336270000000000095e+02 9.013649999999999546e+23
2.457100000000000080e+02 8.922860000000000131e+23
2.580980000000000132e+02 8.834219999999999879e+23
2.707919999999999732e+02 8.747559999999999738e+23
2.837930000000000064e+02 8.662769999999999924e+23
2.970989999999999895e+02 8.579889999999999505e+23
3.107110000000000127e+02 8.498550000000000066e+23
3.246290000000000191e+02 8.418809999999999536e+23
3.388519999999999754e+02 8.340599999999999885e+23
3.533820000000000050e+02 8.263860000000000498e+23
3.682180000000000177e+02 8.188389999999999332e+23
3.833589999999999804e+02 8.114430000000000181e+23
3.988059999999999832e+02 8.041759999999999455e+23
4.145590000000000259e+02 7.970330000000000668e+23
4.306190000000000282e+02 7.900080000000000524e+23
4.469830000000000041e+02 7.830990000000000160e+23
4.636539999999999964e+02 7.763010000000000406e+23
4.806309999999999718e+02 7.696089999999999410e+23
4.979139999999999873e+02 7.630300000000000571e+23
5.155019999999999527e+02 7.565410000000000197e+23
5.333970000000000482e+02 7.501480000000000241e+23
5.515969999999999800e+02 7.438490000000000501e+23
5.701029999999999518e+02 7.376410000000000668e+23
5.889149999999999636e+02 7.315060000000000246e+23
6.080330000000000155e+02 7.254749999999999720e+23
6.274569999999999936e+02 7.195279999999999727e+23
6.471870000000000118e+02 7.136640000000000168e+23
6.672219999999999800e+02 7.078819999999999596e+23
6.875639999999999645e+02 7.021770000000000186e+23
7.082110000000000127e+02 6.965539999999999764e+23
7.291639999999999873e+02 6.910090000000000606e+23
7.504239999999999782e+02 6.855399999999999822e+23
7.719890000000000327e+02 6.801459999999999995e+23
7.938600000000000136e+02 6.748289999999999987e+23
8.160359999999999445e+02 6.695859999999999491e+23
8.385190000000000055e+02 6.644169999999999851e+23
8.613079999999999927e+02 6.593219999999999722e+23
8.844020000000000437e+02 6.543030000000000653e+23
9.078029999999999973e+02 6.493530000000000585e+23
9.315090000000000146e+02 6.444739999999999722e+23
9.555209999999999582e+02 6.396659999999999408e+23
9.798390000000000555e+02 6.349289999999999641e+23
1.004460000000000036e+03 6.302549999999999604e+23
1.029390000000000100e+03 6.256589999999999489e+23
1.054630000000000109e+03 6.211329999999999819e+23
1.080170000000000073e+03 6.166760000000000493e+23
1.106019999999999982e+03 6.122870000000000066e+23
1.132170000000000073e+03 6.079649999999999777e+23
1.158630000000000109e+03 6.037119999999999832e+23
1.185400000000000091e+03 5.995260000000000026e+23
1.212470000000000027e+03 5.954060000000000257e+23
1.239839999999999918e+03 5.913519999999999853e+23
1.267529999999999973e+03 5.873630000000000055e+23
1.295509999999999991e+03 5.834339999999999680e+23
1.323809999999999945e+03 5.795740000000000320e+23
1.352410000000000082e+03 5.757759999999999916e+23
1.381319999999999936e+03 5.720420000000000016e+23
1.410529999999999973e+03 5.683680000000000210e+23
1.440049999999999955e+03 5.647570000000000134e+23
1.469869999999999891e+03 5.612039999999999948e+23
1.500000000000000000e+03 5.577109999999999856e+23
-----------------------

Townsend ioniz. coef. alpha/N (m2)
-----------------------
1.000000000000000000e+00 0.000000000000000000e+00
1.152940000000000076e+00 0.000000000000000000e+00
1.611769999999999925e+00 0.000000000000000000e+00
2.376489999999999991e+00 0.000000000000000000e+00
3.447099999999999831e+00 0.000000000000000000e+00
4.823590000000000266e+00 0.000000000000000000e+00
6.505969999999999587e+00 0.000000000000000000e+00
8.494229999999999947e+00 0.000000000000000000e+00
1.078839999999999932e+01 0.000000000000000000e+00
1.338840000000000074e+01 0.000000000000000000e+00
1.629439999999999955e+01 0.000000000000000000e+00
1.950619999999999976e+01 0.000000000000000000e+00
2.302390000000000114e+01 0.000000000000000000e+00
2.684750000000000014e+01 0.000000000000000000e+00
3.097690000000000055e+01 2.860420000000000188e-32
3.541230000000000189e+01 6.577009999999999862e-31
4.015359999999999729e+01 2.126480000000000023e-29
4.520069999999999766e+01 2.083360000000000044e-28
5.055369999999999919e+01 1.460770000000000073e-27
5.621260000000000190e+01 7.708090000000000407e-27
6.217739999999999867e+01 3.240549999999999802e-26
6.844809999999999661e+01 1.126350000000000071e-25
7.502469999999999573e+01 3.337069999999999928e-25
8.190720000000000312e+01 8.634489999999999402e-25
8.909550000000000125e+01 1.988020000000000120e-24
9.658969999999999345e+01 4.142550000000000347e-24
1.043900000000000006e+02 7.924710000000000732e-24
1.124959999999999951e+02 1.407949999999999972e-23
1.209080000000000013e+02 2.348249999999999862e-23
1.296260000000000048e+02 3.710339999999999946e-23
1.386490000000000009e+02 5.595070000000000092e-23
1.479790000000000134e+02 8.106350000000000255e-23
1.576140000000000043e+02 1.134659999999999891e-22
1.675560000000000116e+02 1.541570000000000038e-22
1.778029999999999973e+02 2.040819999999999897e-22
1.883559999999999945e+02 2.641319999999999817e-22
1.992150000000000034e+02 3.351460000000000168e-22
2.103799999999999955e+02 4.178419999999999957e-22
2.218509999999999991e+02 5.129119999999999848e-22
2.336270000000000095e+02 6.209480000000000440e-22
2.457100000000000080e+02 7.424660000000000199e-22
2.580980000000000132e+02 8.778889999999999919e-22
2.707919999999999732e+02 1.027569999999999997e-21
2.837930000000000064e+02 1.191770000000000045e-21
2.970989999999999895e+02 1.370709999999999973e-21
3.107110000000000127e+02 1.564439999999999971e-21
3.246290000000000191e+02 1.773039999999999820e-21
3.388519999999999754e+02 1.996459999999999892e-21
3.533820000000000050e+02 2.234629999999999957e-21
3.682180000000000177e+02 2.487390000000000080e-21
3.833589999999999804e+02 2.754520000000000022e-21
3.988059999999999832e+02 3.035769999999999955e-21
4.145590000000000259e+02 3.330860000000000087e-21
4.306190000000000282e+02 3.639439999999999831e-21
4.469830000000000041e+02 3.961150000000000369e-21
4.636539999999999964e+02 4.295600000000000283e-21
4.806309999999999718e+02 4.642380000000000188e-21
4.979139999999999873e+02 5.001050000000000356e-21
5.155019999999999527e+02 5.371160000000000196e-21
5.333970000000000482e+02 5.752259999999999865e-21
5.515969999999999800e+02 6.143890000000000164e-21
5.701029999999999518e+02 6.545580000000000271e-21
5.889149999999999636e+02 6.956870000000000234e-21
6.080330000000000155e+02 7.377259999999999645e-21
6.274569999999999936e+02 7.806299999999999414e-21
6.471870000000000118e+02 8.243540000000000455e-21
6.672219999999999800e+02 8.688500000000000330e-21
6.875639999999999645e+02 9.140719999999999836e-21
7.082110000000000127e+02 9.599760000000000000e-21
7.291639999999999873e+02 1.006520000000000057e-20
7.504239999999999782e+02 1.053659999999999956e-20
7.719890000000000327e+02 1.101349999999999927e-20
7.938600000000000136e+02 1.149549999999999969e-20
8.160359999999999445e+02 1.198219999999999927e-20
8.385190000000000055e+02 1.247319999999999950e-20
8.613079999999999927e+02 1.296810000000000035e-20
8.844020000000000437e+02 1.346650000000000030e-20
9.078029999999999973e+02 1.396810000000000045e-20
9.315090000000000146e+02 1.447250000000000077e-20
9.555209999999999582e+02 1.497930000000000125e-20
9.798390000000000555e+02 1.548829999999999961e-20
1.004460000000000036e+03 1.599899999999999921e-20
1.029390000000000100e+03 1.651099999999999851e-20
1.054630000000000109e+03 1.702419999999999940e-20
1.080170000000000073e+03 1.753809999999999919e-20
1.106019999999999982e+03 1.805249999999999865e-20
1.132170000000000073e+03 1.856699999999999924e-20
1.158630000000000109e+03 1.908139999999999869e-20
1.185400000000000091e+03 1.959539999999999963e-20
1.212470000000000027e+03 2.010869999999999864e-20
1.239839999999999918e+03 2.062109999999999947e-20
1.267529999999999973e+03 2.113220000000000059e-20
1.295509999999999991e+03 2.164190000000000088e-20
1.323809999999999945e+03 2.214979999999999880e-20
1.352410000000000082e+03 2.265570000000000110e-20
1.381319999999999936e+03 2.315939999999999950e-20
1.410529999999999973e+03 2.366059999999999962e-20
1.440049999999999955e+03 2.415909999999999920e-20
1.469869999999999891e+03 2.465480000000000010e-20
1.500000000000000000e+03 2.514739999999999893e-20
-----------------------

Townsend attach. coef. eta/N (m2)
-----------------------
1.000000000000000000e+00 0.000000000000000000e+00
1.152940000000000076e+00 0.000000000000000000e+00
1.611769999999999925e+00 0.000000000000000000e+00
2.376489999999999991e+00 0.000000000000000000e+00
3.447099999999999831e+00 0.000000000000000000e+00
4.823590000000000266e+00 0.000000000000000000e+00
6.505969999999999587e+00 0.000000000000000000e+00
8.494229999999999947e+00 0.000000000000000000e+00
1.078839999999999932e+01 0.000000000000000000e+00
1.338840000000000074e+01 0.000000000000000000e+00
1.629439999999999955e+01 0.000000000000000000e+00
1.950619999999999976e+01 0.000000000000000000e+00
2.302390000000000114e+01 0.000000000000000000e+00
2.684750000000000014e+01 0.000000000000000000e+00
3.097690000000000055e+01 0.000000000000000000e+00
3.541230000000000189e+01 0.000000000000000000e+00
4.015359999999999729e+01 0.000000000000000000e+00
4.520069999999999766e+01 0.000000000000000000e+00
5.055369999999999919e+01 0.000000000000000000e+00
5.621260000000000190e+01 0.000000000000000000e+00
6.217739999999999867e+01 0.000000000000000000e+00
6.844809999999999661e+01 0.000000000000000000e+00
7.502469999999999573e+01 0.000000000000000000e+00
8.190720000000000312e+01 0.000000000000000000e+00
8.909550000000000125e+01 0.000000000000000000e+00
9.658969999999999345e+01 0.000000000000000000e+00
1.043900000000000006e+02 0.000000000000000000e+00
1.124959999999999951e+02 0.000000000000000000e+00
1.209080000000000013e+02 0.000000000000000000e+00
1.296260000000000048e+02 0.000000000000000000e+00
1.386490000000000009e+02 0.000000000000000000e+00
1.479790000000000134e+02 0.000000000000000000e+00
1.576140000000000043e+02 0.000000000000000000e+00
1.675560000000000116e+02 0.000000000000000000e+00
1.778029999999999973e+02 0.000000000000000000e+00
1.883559999999999945e+02 0.000000000000000000e+00
1.992150000000000034e+02 0.000000000000000000e+00
2.103799999999999955e+02 0.000000000000000000e+00
2.218509999999999991e+02 0.000000000000000000e+00
2.336270000000000095e+02 0.000000000000000000e+00
2.457100000000000080e+02 0.000000000000000000e+00
2.580980000000000132e+02 0.000000000000000000e+00
2.707919999999999732e+02 0.000000000000000000e+00
2.837930000000000064e+02 0.000000000000000000e+00
2.970989999999999895e+02 0.000000000000000000e+00
3.107110000000000127e+02 0.000000000000000000e+00
3.246290000000000191e+02 0.000000000000000000e+00
3.388519999999999754e+02 0.000000000000000000e+00
3.533820000000000050e+02 0.000000000000000000e+00
3.682180000000000177e+02 0.000000000000000000e+00
3.833589999999999804e+02 0.000000000000000000e+00
3.988059999999999832e+02 0.000000000000000000e+00
4.145590000000000259e+02 0.000000000000000000e+00
4.306190000000000282e+02 0.000000000000000000e+00
4.469830000000000041e+02 0.000000000000000000e+00
4.636539999999999964e+02 0.000000000000000000e+00
4.806309999999999718e+02 0.000000000000000000e+00
4.979139999999999873e+02 0.000000000000000000e+00
5.155019999999999527e+02 0.000000000000000000e+00
5.333970000000000482e+02 0.000000000000000000e+00
5.515969999999999800e+02 0.000000000000000000e+00
5.701029999999999518e+02 0.000000000000000000e+00
5.889149999999999636e+02 0.000000000000000000e+00
6.080330000000000155e+02 0.000000000000000000e+00
6.274569999999999936e+02 0.000000000000000000e+00
6.471870000000000118e+02 0.000000000000000000e+00
6.672219999999999800e+02 0.000000000000000000e+00
6.875639999999999645e+02 0.000000000000000000e+00
7.082110000000000127e+02 0.000000000000000000e+00
7.291639999999999873e+02 0.000000000000000000e+00
7.504239999999999782e+02 0.000000000000000000e+00
7.719890000000000327e+02 0.000000000000000000e+00
7.938600000000000136e+02 0.000000000000000000e+00
8.160359999999999445e+02 0.000000000000000000e+00
8.385190000000000055e+02 0.000000000000000000e+00
8.613079999999999927e+02 0.000000000000000000e+00
8.844020000000000437e+02 0.000000000000000000e+00
9.078029999999999973e+02 0.000000000000000000e+00
9.315090000000000146e+02 0.000000000000000000e+00
9.555209999999999582e+02 0.000000000000000000e+00
9.798390000000000555e+02 0.000000000000000000e+00
1.004460000000000036e+03 0.000000000000000000e+00
1.029390000000000100e+03 0.000000000000000000e+00
1.054630000000000109e+03 0.000000000000000000e+00
1.080170000000000073e+03 0.000000000000000000e+00
1.106019999999999982e+03 0.000000000000000000e+00
1.132170000000000073e+03 0.000000000000000000e+00
1.158630000000000109e+03 0.000000000000000000e+00
1.185400000000000091e+03 0.000000000000000000e+00
1.212470000000000027e+03 0.000000000000000000e+00
1.239839999999999918e+03 0.000000000000000000e+00
1.267529999999999973e+03 0.000000000000000000e+00
1.295509999999999991e+03 0.000000000000000000e+00
1.323809999999999945e+03 0.000000000000000000e+00
1.352410000000000082e+03 0.000000000000000000e+00
1.381319999999999936e+03 0.000000000000000000e+00
1.410529999999999973e+03 0.000000000000000000e+00
1.440049999999999955e+03 0.000000000000000000e+00
1.469869999999999891e+03 0.000000000000000000e+00
1.500000000000000000e+03 0.000000000000000000e+00
-----------------------

Three-body attachment rate (m6/s)
-----------------------
1.000000000000000000e+00 0.000000000000000000e+00
1.152940000000000076e+00 0.000000000000000000e+00
1.611769999999999925e+00 0.000000000000000000e+00
2.376489999999999991e+00 0.000000000000000000e+00
3.447099999999999831e+00 0.000000000000000000e+00
4.823590000000000266e+00 0.000000000000000000e+00
6.505969999999999587e+00 0.000000000000000000e+00
8.494229999999999947e+00 0.000000000000000000e+00
1.078839999999999932e+01 0.000000000000000000e+00
1.338840000000000074e+01 0.000000000000000000e+00
1.629439999999999955e+01 0.000000000000000000e+00
1.950619999999999976e+01 0.000000000000000000e+00
2.302390000000000114e+01 0.000000000000000000e+00
2.684750000000000014e+01 0.000000000000000000e+00
3.097690000000000055e+01 0.000000000000000000e+00
3.541230000000000189e+01 0.000000000000000000e+00
4.015359999999999729e+01 0.000000000000000000e+00
4.520069999999999766e+01 0.000000000000000000e+00
5.055369999999999919e+01 0.000000000000000000e+00
5.621260000000000190e+01 0.000000000000000000e+00
6.217739999999999867e+01 0.000000000000000000e+00
6.844809999999999661e+01 0.000000000000000000e+00
7.502469999999999573e+01 0.000000000000000000e+00
8.190720000000000312e+01 0.000000000000000000e+00
8.909550000000000125e+01 0.000000000000000000e+00
9.658969999999999345e+01 0.000000000000000000e+00
1.043900000000000006e+02 0.000000000000000000e+00
1.124959999999999951e+02 0.000000000000000000e+00
1.209080000000000013e+02 0.000000000000000000e+00
1.296260000000000048e+02 0.000000000000000000e+00
1.386490000000000009e+02 0.000000000000000000e+00
1.479790000000000134e+02 0.000000000000000000e+00
1.576140000000000043e+02 0.000000000000000000e+00
1.675560000000000116e+02 0.000000000000000000e+00
1.778029999999999973e+02 0.000000000000000000e+00
1.883559999999999945e+02 0.000000000000000000e+00
1.992150000000000034e+02 0.000000000000000000e+00
2.103799999999999955e+02 0.000000000000000000e+00
2.218509999999999991e+02 0.000000000000000000e+00
2.336270000000000095e+02 0.000000000000000000e+00
2.457100000000000080e+02 0.000000000000000000e+00
2.580980000000000132e+02 0.000000000000000000e+00
2.707919999999999732e+02 0.000000000000000000e+00
2.837930000000000064e+02 0.000000000000000000e+00
2.970989999999999895e+02 0.000000000000000000e+00
3.107110000000000127e+02 0.000000000000000000e+00
3.246290000000000191e+02 0.000000000000000000e+00
3.388519999999999754e+02 0.000000000000000000e+00
3.533820000000000050e+02 0.000000000000000000e+00
3.682180000000000177e+02 0.000000000000000000e+00
3.833589999999999804e+02 0.000000000000000000e+00
3.988059999999999832e+02 0.000000000000000000e+00
4.145590000000000259e+02 0.000000000000000000e+00
4.306190000000000282e+02 0.000000000000000000e+00
4.469830000000000041e+02 0.000000000000000000e+00
4.636539999999999964e+02 0.000000000000000000e+00
4.806309999999999718e+02 0.000000000000000000e+00
4.979139999999999873e+02 0.000000000000000000e+00
5.155019999999999527e+02 0.000000000000000000e+00
5.333970000000000482e+02 0.000000000000000000e+00
5.515969999999999800e+02 0.000000000000000000e+00
5.701029999999999518e+02 0.000000000000000000e+00
5.889149999999999636e+02 0.000000000000000000e+00
6.080330000000000155e+02 0.000000000000000000e+00
6.274569999999999936e+02 0.000000000000000000e+00
6.471870000000000118e+02 0.000000000000000000e+00
6.672219999999999800e+02 0.000000000000000000e+00
6.875639999999999645e+02 0.000000000000000000e+00
7.082110000000000127e+02 0.000000000000000000e+00
7.291639999999999873e+02 0.000000000000000000e+00
7.504239999999999782e+02 0.000000000000000000e+00
7.719890000000000327e+02 0.000000000000000000e+00
7.938600000000000136e+02 0.000000000000000000e+00
8.160359999999999445e+02 0.000000000000000000e+00
8.385190000000000055e+02 0.000000000000000000e+00
8.613079999999999927e+02 0.000000000000000000e+00
8.844020000000000437e+02 0.000000000000000000e+00
9.078029999999999973e+02 0.000000000000000000e+00
9.315090000000000146e+02 0.000000000000000000e+00
9.555209999999999582e+02 0.000000000000000000e+00
9.798390000000000555e+02 0.000000000000000000e+00
1.004460000000000036e+03 0.000000000000000000e+00
1.029390000000000100e+03 0.000000000000000000e+00
1.054630000000000109e+03 0.000000000000000000e+00
1.080170000000000073e+03 0.000000000000000000e+00
1.106019999999999982e+03 0.000000000000000000e+00
1.132170000000000073e+03 0.000000000000000000e+00
1.158630000000000109e+03 0.000000000000000000e+00
1.185400000000000091e+03 0.000000000000000000e+00
1.212470000000000027e+03 0.000000000000000000e+00
1.239839999999999918e+03 0.000000000000000000e+00
1.267529999999999973e+03 0.000000000000000000e+00
1.295509999999999991e+03 0.000000000000000000e+00
1.323809999999999945e+03 0.000000000000000000e+00
1.352410000000000082e+03 0.000000000000000000e+00
1.381319999999999936e+03 0.000000000000000000e+00
1.410529999999999973e+03 0.000000000000000000e+00
1.440049999999999955e+03 0.000000000000000000e+00
1.469869999999999891e+03 0.000000000000000000e+00
1.500000000000000000e+03 0.000000000000000000e+00
-----------------------

