gas_composition
-----------------------
N2 0.7644
O2 0.2058
Ar 0.0098
H2O 0.02
-----------------------

Mobility *N (1/m/V/s)
-----------------------
1.000000000000000000e+00 5.654499999999999714e+24
1.152940000000000076e+00 5.478179999999999898e+24
1.611769999999999925e+00 5.073759999999999706e+24
2.376489999999999991e+00 4.568019999999999819e+24
3.447099999999999831e+00 3.949089999999999945e+24
4.823590000000000266e+00 3.284459999999999930e+24
6.505969999999999587e+00 2.738010000000000182e+24
8.494229999999999947e+00 2.357960000000000031e+24
1.078839999999999932e+01 2.104670000000000089e+24
1.338840000000000074e+01 1.932610000000000071e+24
1.629439999999999955e+01 1.811040000000000042e+24
1.950619999999999976e+01 1.720999999999999973e+24
2.302390000000000114e+01 1.650910000000000122e+24
2.684750000000000014e+01 1.593400000000000036e+24
3.097690000000000055e+01 1.543999999999999916e+24
3.541230000000000189e+01 1.500190000000000038e+24
4.015359999999999729e+01 1.460039999999999998e+24
4.520069999999999766e+01 1.422740000000000104e+24
5.055369999999999919e+01 1.387619999999999949e+24
5.621260000000000190e+01 1.354470000000000070e+24
6.217739999999999867e+01 1.323179999999999879e+24
6.844809999999999661e+01 1.293760000000000017e+24
7.502469999999999573e+01 1.266159999999999971e+24
8.190720000000000312e+01 1.240380000000000009e+24
8.909550000000000125e+01 1.216310000000000082e+24
9.658969999999999345e+01 1.193830000000000036e+24
1.043900000000000006e+02 1.172810000000000018e+24
1.124959999999999951e+02 1.153030000000000061e+24
1.209080000000000013e+02 1.134370000000000012e+24
1.296260000000000048e+02 1.116690000000000050e+24
1.386490000000000009e+02 1.099889999999999958e+24
1.479790000000000134e+02 1.083859999999999953e+24
1.576140000000000043e+02 1.068529999999999991e+24
1.675560000000000116e+02 1.053849999999999964e+24
1.778029999999999973e+02 1.039720000000000057e+24
1.883559999999999945e+02 1.026130000000000033e+24
1.992150000000000034e+02 1.013040000000000021e+24
2.103799999999999955e+02 1.000419999999999982e+24
2.218509999999999991e+02 9.882580000000000624e+23
2.336270000000000095e+02 9.765219999999999345e+23
2.457100000000000080e+02 9.651929999999999410e+23
2.580980000000000132e+02 9.542540000000000425e+23
2.707919999999999732e+02 9.436789999999999730e+23
2.837930000000000064e+02 9.334570000000000228e+23
2.970989999999999895e+02 9.235710000000000181e+23
3.107110000000000127e+02 9.139939999999999512e+23
3.246290000000000191e+02 9.047379999999999449e+23
3.388519999999999754e+02 8.957729999999999609e+23
3.533820000000000050e+02 8.870880000000000210e+23
3.682180000000000177e+02 8.786689999999999819e+23
3.833589999999999804e+02 8.705240000000000598e+23
3.988059999999999832e+02 8.625989999999999709e+23
4.145590000000000259e+02 8.549059999999999722e+23
4.306190000000000282e+02 8.474349999999999615e+23
4.469830000000000041e+02 8.401739999999999502e+23
4.636539999999999964e+02 8.330889999999999934e+23
4.806309999999999718e+02 8.262219999999999837e+23
4.979139999999999873e+02 8.195399999999999864e+23
5.155019999999999527e+02 8.130330000000000333e+23
5.333970000000000482e+02 8.066950000000000632e+23
5.515969999999999800e+02 8.005090000000000364e+23
5.701029999999999518e+02 7.944850000000000553e+23
5.889149999999999636e+02 7.886089999999999767e+23
6.080330000000000155e+02 7.828750000000000076e+23
6.274569999999999936e+02 7.772769999999999526e+23
6.471870000000000118e+02 7.718100000000000288e+23
6.672219999999999800e+02 7.664790000000000191e+23
6.875639999999999645e+02 7.612580000000000603e+23
7.082110000000000127e+02 7.561539999999999554e+23
7.291639999999999873e+02 7.511630000000000663e+23
7.504239999999999782e+02 7.462809999999999494e+23
7.719890000000000327e+02 7.415039999999999664e+23
7.938600000000000136e+02 7.368350000000000139e+23
8.160359999999999445e+02 7.322570000000000522e+23
8.385190000000000055e+02 7.277749999999999982e+23
8.613079999999999927e+02 7.233849999999999452e+23
8.844020000000000437e+02 7.190860000000000173e+23
9.078029999999999973e+02 7.148730000000000291e+23
9.315090000000000146e+02 7.107360000000000126e+23
9.555209999999999582e+02 7.066899999999999869e+23
9.798390000000000555e+02 7.027239999999999738e+23
1.004460000000000036e+03 6.988349999999999426e+23
1.029390000000000100e+03 6.950230000000000275e+23
1.054630000000000109e+03 6.912840000000000535e+23
1.080170000000000073e+03 6.876170000000000102e+23
1.106019999999999982e+03 6.840190000000000013e+23
1.132170000000000073e+03 6.804910000000000370e+23
1.158630000000000109e+03 6.770289999999999421e+23
1.185400000000000091e+03 6.736329999999999851e+23
1.212470000000000027e+03 6.703000000000000010e+23
1.239839999999999918e+03 6.670289999999999798e+23
1.267529999999999973e+03 6.638190000000000454e+23
1.295509999999999991e+03 6.606680000000000430e+23
1.323809999999999945e+03 6.575749999999999625e+23
1.352410000000000082e+03 6.545399999999999381e+23
1.381319999999999936e+03 6.515599999999999392e+23
1.410529999999999973e+03 6.486339999999999554e+23
1.440049999999999955e+03 6.457609999999999767e+23
1.469869999999999891e+03 6.429410000000000029e+23
1.500000000000000000e+03 6.401710000000000034e+23
-----------------------

Townsend ioniz. coef. alpha/N (m2)
-----------------------
1.000000000000000000e+00 0.000000000000000000e+00
1.152940000000000076e+00 0.000000000000000000e+00
1.611769999999999925e+00 0.000000000000000000e+00
2.376489999999999991e+00 0.000000000000000000e+00
3.447099999999999831e+00 0.000000000000000000e+00
4.823590000000000266e+00 0.000000000000000000e+00
6.505969999999999587e+00 0.000000000000000000e+00
8.494229999999999947e+00 0.000000000000000000e+00
1.078839999999999932e+01 0.000000000000000000e+00
1.338840000000000074e+01 0.000000000000000000e+00
1.629439999999999955e+01 0.000000000000000000e+00
1.950619999999999976e+01 5.601130000000000248e-35
2.302390000000000114e+01 1.192099999999999939e-31
2.684750000000000014e+01 3.488450000000000177e-30
3.097690000000000055e+01 5.329170000000000407e-29
3.541230000000000189e+01 4.903200000000000386e-28
4.015359999999999729e+01 3.100010000000000133e-27
4.520069999999999766e+01 1.462430000000000143e-26
5.055369999999999919e+01 5.491550000000000201e-26
5.621260000000000190e+01 1.715919999999999972e-25
6.217739999999999867e+01 4.620200000000000327e-25
6.844809999999999661e+01 1.099919999999999971e-24
7.502469999999999573e+01 2.361400000000000110e-24
8.190720000000000312e+01 4.646160000000000143e-24
8.909550000000000125e+01 8.481839999999999421e-24
9.658969999999999345e+01 1.452450000000000084e-23
1.043900000000000006e+02 2.354250000000000066e-23
1.124959999999999951e+02 3.638599999999999726e-23
1.209080000000000013e+02 5.398100000000000236e-23
1.296260000000000048e+02 7.727320000000000566e-23
1.386490000000000009e+02 1.072239999999999947e-22
1.479790000000000134e+02 1.447860000000000107e-22
1.576140000000000043e+02 1.908800000000000062e-22
1.675560000000000116e+02 2.463909999999999854e-22
1.778029999999999973e+02 3.120980000000000101e-22
1.883559999999999945e+02 3.887349999999999836e-22
1.992150000000000034e+02 4.769590000000000453e-22
2.103799999999999955e+02 5.773169999999999797e-22
2.218509999999999991e+02 6.902499999999999577e-22
2.336270000000000095e+02 8.161320000000000292e-22
2.457100000000000080e+02 9.551950000000000247e-22
2.580980000000000132e+02 1.107649999999999950e-21
2.707919999999999732e+02 1.273549999999999917e-21
2.837930000000000064e+02 1.452909999999999909e-21
2.970989999999999895e+02 1.645629999999999919e-21
3.107110000000000127e+02 1.851569999999999862e-21
3.246290000000000191e+02 2.070530000000000104e-21
3.388519999999999754e+02 2.302230000000000098e-21
3.533820000000000050e+02 2.546369999999999826e-21
3.682180000000000177e+02 2.802599999999999830e-21
3.833589999999999804e+02 3.070460000000000157e-21
3.988059999999999832e+02 3.349780000000000005e-21
4.145590000000000259e+02 3.639909999999999898e-21
4.306190000000000282e+02 3.940479999999999775e-21
4.469830000000000041e+02 4.251050000000000285e-21
4.636539999999999964e+02 4.571069999999999700e-21
4.806309999999999718e+02 4.900379999999999966e-21
4.979139999999999873e+02 5.238219999999999982e-21
5.155019999999999527e+02 5.584249999999999651e-21
5.333970000000000482e+02 5.938009999999999772e-21
5.515969999999999800e+02 6.298869999999999967e-21
5.701029999999999518e+02 6.666919999999999751e-21
5.889149999999999636e+02 7.041299999999999898e-21
6.080330000000000155e+02 7.421710000000000013e-21
6.274569999999999936e+02 7.807749999999999318e-21
6.471870000000000118e+02 8.199039999999999520e-21
6.672219999999999800e+02 8.595079999999999458e-21
6.875639999999999645e+02 8.995809999999999956e-21
7.082110000000000127e+02 9.400599999999999884e-21
7.291639999999999873e+02 9.809189999999999299e-21
7.504239999999999782e+02 1.022119999999999991e-20
7.719890000000000327e+02 1.063640000000000061e-20
7.938600000000000136e+02 1.105430000000000035e-20
8.160359999999999445e+02 1.147479999999999950e-20
8.385190000000000055e+02 1.189760000000000069e-20
8.613079999999999927e+02 1.232219999999999972e-20
8.844020000000000437e+02 1.274850000000000000e-20
9.078029999999999973e+02 1.317619999999999961e-20
9.315090000000000146e+02 1.360499999999999966e-20
9.555209999999999582e+02 1.403470000000000090e-20
9.798390000000000555e+02 1.446519999999999918e-20
1.004460000000000036e+03 1.489600000000000087e-20
1.029390000000000100e+03 1.532709999999999994e-20
1.054630000000000109e+03 1.575819999999999902e-20
1.080170000000000073e+03 1.618900000000000070e-20
1.106019999999999982e+03 1.661929999999999972e-20
1.132170000000000073e+03 1.704920000000000023e-20
1.158630000000000109e+03 1.747830000000000068e-20
1.185400000000000091e+03 1.790639999999999881e-20
1.212470000000000027e+03 1.833339999999999950e-20
1.239839999999999918e+03 1.875910000000000049e-20
1.267529999999999973e+03 1.918340000000000063e-20
1.295509999999999991e+03 1.960610000000000068e-20
1.323809999999999945e+03 2.002690000000000023e-20
1.352410000000000082e+03 2.044599999999999854e-20
1.381319999999999936e+03 2.086319999999999937e-20
1.410529999999999973e+03 2.127819999999999930e-20
1.440049999999999955e+03 2.169090000000000022e-20
1.469869999999999891e+03 2.210129999999999911e-20
1.500000000000000000e+03 2.250930000000000086e-20
-----------------------

Townsend attach. coef. eta/N (m2)
-----------------------
1.000000000000000000e+00 1.245320000000000024e-40
1.152940000000000076e+00 1.064030000000000100e-40
1.611769999999999925e+00 7.226279999999999575e-41
2.376489999999999991e+00 4.498259999999999839e-41
3.447099999999999831e+00 2.760420000000000173e-41
4.823590000000000266e+00 1.720509999999999917e-41
6.505969999999999587e+00 1.123050000000000027e-41
8.494229999999999947e+00 7.818260000000000199e-42
1.078839999999999932e+01 5.787360000000000512e-42
1.338840000000000074e+01 4.557969999999999854e-31
1.629439999999999955e+01 2.644830000000000090e-29
1.950619999999999976e+01 5.824610000000000320e-28
2.302390000000000114e+01 6.124059999999999643e-27
2.684750000000000014e+01 3.785260000000000101e-26
3.097690000000000055e+01 1.591349999999999902e-25
3.541230000000000189e+01 5.002289999999999952e-25
4.015359999999999729e+01 1.262150000000000054e-24
4.520069999999999766e+01 2.681260000000000104e-24
5.055369999999999919e+01 4.972309999999999908e-24
5.621260000000000190e+01 8.250939999999999983e-24
6.217739999999999867e+01 1.249640000000000025e-23
6.844809999999999661e+01 1.753500000000000013e-23
7.502469999999999573e+01 2.307109999999999887e-23
8.190720000000000312e+01 2.876100000000000250e-23
8.909550000000000125e+01 3.425389999999999990e-23
9.658969999999999345e+01 3.927959999999999862e-23
1.043900000000000006e+02 4.365469999999999900e-23
1.124959999999999951e+02 4.727739999999999967e-23
1.209080000000000013e+02 5.013300000000000003e-23
1.296260000000000048e+02 5.225510000000000146e-23
1.386490000000000009e+02 5.370959999999999854e-23
1.479790000000000134e+02 5.458299999999999956e-23
1.576140000000000043e+02 5.496379999999999554e-23
1.675560000000000116e+02 5.493829999999999534e-23
1.778029999999999973e+02 5.458160000000000342e-23
1.883559999999999945e+02 5.396290000000000526e-23
1.992150000000000034e+02 5.314060000000000437e-23
2.103799999999999955e+02 5.216399999999999998e-23
2.218509999999999991e+02 5.107240000000000123e-23
2.336270000000000095e+02 4.989939999999999776e-23
2.457100000000000080e+02 4.867179999999999793e-23
2.580980000000000132e+02 4.741150000000000012e-23
2.707919999999999732e+02 4.613470000000000079e-23
2.837930000000000064e+02 4.485519999999999716e-23
2.970989999999999895e+02 4.358370000000000085e-23
3.107110000000000127e+02 4.232820000000000156e-23
3.246290000000000191e+02 4.109470000000000037e-23
3.388519999999999754e+02 3.988800000000000167e-23
3.533820000000000050e+02 3.871130000000000253e-23
3.682180000000000177e+02 3.756690000000000246e-23
3.833589999999999804e+02 3.645670000000000211e-23
3.988059999999999832e+02 3.538080000000000121e-23
4.145590000000000259e+02 3.433999999999999755e-23
4.306190000000000282e+02 3.333440000000000260e-23
4.469830000000000041e+02 3.236359999999999984e-23
4.636539999999999964e+02 3.142750000000000129e-23
4.806309999999999718e+02 3.052449999999999962e-23
4.979139999999999873e+02 2.965440000000000126e-23
5.155019999999999527e+02 2.881609999999999748e-23
5.333970000000000482e+02 2.800880000000000225e-23
5.515969999999999800e+02 2.723150000000000068e-23
5.701029999999999518e+02 2.648290000000000225e-23
5.889149999999999636e+02 2.576220000000000034e-23
6.080330000000000155e+02 2.506820000000000121e-23
6.274569999999999936e+02 2.440010000000000117e-23
6.471870000000000118e+02 2.375670000000000060e-23
6.672219999999999800e+02 2.313719999999999878e-23
6.875639999999999645e+02 2.254039999999999900e-23
7.082110000000000127e+02 2.196560000000000026e-23
7.291639999999999873e+02 2.141179999999999944e-23
7.504239999999999782e+02 2.087809999999999902e-23
7.719890000000000327e+02 2.036380000000000093e-23
7.938600000000000136e+02 1.986830000000000096e-23
8.160359999999999445e+02 1.939029999999999974e-23
8.385190000000000055e+02 1.892929999999999866e-23
8.613079999999999927e+02 1.848459999999999964e-23
8.844020000000000437e+02 1.805560000000000141e-23
9.078029999999999973e+02 1.764150000000000028e-23
9.315090000000000146e+02 1.724180000000000059e-23
9.555209999999999582e+02 1.685600000000000076e-23
9.798390000000000555e+02 1.648339999999999980e-23
1.004460000000000036e+03 1.612339999999999935e-23
1.029390000000000100e+03 1.577560000000000052e-23
1.054630000000000109e+03 1.543949999999999880e-23
1.080170000000000073e+03 1.511459999999999853e-23
1.106019999999999982e+03 1.480050000000000080e-23
1.132170000000000073e+03 1.449670000000000111e-23
1.158630000000000109e+03 1.420280000000000056e-23
1.185400000000000091e+03 1.391840000000000026e-23
1.212470000000000027e+03 1.364310000000000132e-23
1.239839999999999918e+03 1.337670000000000134e-23
1.267529999999999973e+03 1.311870000000000023e-23
1.295509999999999991e+03 1.286880000000000030e-23
1.323809999999999945e+03 1.262680000000000062e-23
1.352410000000000082e+03 1.239229999999999935e-23
1.381319999999999936e+03 1.216500000000000027e-23
1.410529999999999973e+03 1.194459999999999979e-23
1.440049999999999955e+03 1.173099999999999966e-23
1.469869999999999891e+03 1.152379999999999951e-23
1.500000000000000000e+03 1.132279999999999990e-23
-----------------------

Three-body attachment rate (m6/s)
-----------------------
1.000000000000000000e+00 3.421603999999999929e-42
1.152940000000000076e+00 3.265527999999999863e-42
1.611769999999999925e+00 2.871464000000000017e-42
2.376489999999999991e+00 2.372812999999999977e-42
3.447099999999999831e+00 1.825915999999999905e-42
4.823590000000000266e+00 1.324481999999999887e-42
6.505969999999999587e+00 9.720791999999999478e-43
8.494229999999999947e+00 7.608951999999999144e-43
1.078839999999999932e+01 6.385211999999999418e-43
1.338840000000000074e+01 5.656445000000000243e-43
1.629439999999999955e+01 5.201431999999999411e-43
1.950619999999999976e+01 4.901891999999999627e-43
2.302390000000000114e+01 4.692899000000000196e-43
2.684750000000000014e+01 4.537022000000000138e-43
3.097690000000000055e+01 4.411052999999999308e-43
3.541230000000000189e+01 4.299475999999999257e-43
4.015359999999999729e+01 4.189608999999999808e-43
4.520069999999999766e+01 4.071396999999999856e-43
5.055369999999999919e+01 3.936281000000000136e-43
5.621260000000000190e+01 3.778736000000000076e-43
6.217739999999999867e+01 3.596630999999999519e-43
6.844809999999999661e+01 3.391699999999999977e-43
7.502469999999999573e+01 3.169338999999999614e-43
8.190720000000000312e+01 2.936621999999999962e-43
8.909550000000000125e+01 2.701887999999999902e-43
9.658969999999999345e+01 2.472299999999999864e-43
1.043900000000000006e+02 2.253514999999999856e-43
1.124959999999999951e+02 2.049766999999999925e-43
1.209080000000000013e+02 1.863041999999999999e-43
1.296260000000000048e+02 1.694149000000000027e-43
1.386490000000000009e+02 1.542764999999999793e-43
1.479790000000000134e+02 1.407918999999999969e-43
1.576140000000000043e+02 1.288267000000000109e-43
1.675560000000000116e+02 1.182192999999999993e-43
1.778029999999999973e+02 1.088417999999999952e-43
1.883559999999999945e+02 1.005364999999999951e-43
1.992150000000000034e+02 9.316909999999998825e-44
2.103799999999999955e+02 8.662266000000000337e-44
2.218509999999999991e+02 8.078564999999999891e-44
2.336270000000000095e+02 7.556789000000000208e-44
2.457100000000000080e+02 7.088939999999998927e-44
2.580980000000000132e+02 6.667711999999999646e-44
2.707919999999999732e+02 6.287743000000000316e-44
2.837930000000000064e+02 5.943574000000000082e-44
2.970989999999999895e+02 5.630785000000000399e-44
3.107110000000000127e+02 5.345840000000000638e-44
3.246290000000000191e+02 5.084928999999999525e-44
3.388519999999999754e+02 4.845513999999999872e-44
3.533820000000000050e+02 4.625163999999999690e-44
3.682180000000000177e+02 4.421777999999999563e-44
3.833589999999999804e+02 4.232938999999999727e-44
3.988059999999999832e+02 4.058262000000000004e-44
4.145590000000000259e+02 3.895773999999999762e-44
4.306190000000000282e+02 3.744239000000000068e-44
4.469830000000000041e+02 3.602598999999999684e-44
4.636539999999999964e+02 3.470483999999999995e-44
4.806309999999999718e+02 3.345885000000000200e-44
4.979139999999999873e+02 3.228722999999999590e-44
5.155019999999999527e+02 3.118332999999999799e-44
5.333970000000000482e+02 3.014142999999999922e-44
5.515969999999999800e+02 2.915897999999999735e-44
5.701029999999999518e+02 2.822592999999999914e-44
5.889149999999999636e+02 2.734128000000000147e-44
6.080330000000000155e+02 2.650118000000000254e-44
6.274569999999999936e+02 2.570230999999999978e-44
6.471870000000000118e+02 2.494167999999999715e-44
6.672219999999999800e+02 2.421379999999999830e-44
6.875639999999999645e+02 2.352189000000000201e-44
7.082110000000000127e+02 2.286085999999999724e-44
7.291639999999999873e+02 2.222863000000000062e-44
7.504239999999999782e+02 2.162333999999999827e-44
7.719890000000000327e+02 2.104327999999999696e-44
7.938600000000000136e+02 2.048445999999999755e-44
8.160359999999999445e+02 1.995044999999999966e-44
8.385190000000000055e+02 1.943741999999999828e-44
8.613079999999999927e+02 1.894409999999999896e-44
8.844020000000000437e+02 1.846939999999999814e-44
9.078029999999999973e+02 1.801226999999999828e-44
9.315090000000000146e+02 1.757296000000000140e-44
9.555209999999999582e+02 1.714813000000000068e-44
9.798390000000000555e+02 1.673817999999999885e-44
1.004460000000000036e+03 1.634240999999999921e-44
1.029390000000000100e+03 1.596007000000000067e-44
1.054630000000000109e+03 1.559048999999999919e-44
1.080170000000000073e+03 1.523309000000000113e-44
1.106019999999999982e+03 1.488692000000000030e-44
1.132170000000000073e+03 1.455212999999999990e-44
1.158630000000000109e+03 1.422788999999999928e-44
1.185400000000000091e+03 1.391369999999999938e-44
1.212470000000000027e+03 1.360911999999999892e-44
1.239839999999999918e+03 1.331371999999999750e-44
1.267529999999999973e+03 1.302713000000000001e-44
1.295509999999999991e+03 1.274894999999999871e-44
1.323809999999999945e+03 1.247924999999999975e-44
1.352410000000000082e+03 1.221686000000000004e-44
1.381319999999999936e+03 1.196190000000000014e-44
1.410529999999999973e+03 1.171407999999999950e-44
1.440049999999999955e+03 1.147311999999999844e-44
1.469869999999999891e+03 1.123873999999999977e-44
1.500000000000000000e+03 1.101069999999999861e-44
-----------------------

