gas_composition
-----------------------
N2 0.8
O2 0.2
-----------------------

Mobility *N (1/m/V/s)
-----------------------
1.000000000000000000e+00 6.495050000000000287e+24
1.152940000000000076e+00 6.144349999999999552e+24
1.611769999999999925e+00 5.334860000000000307e+24
2.376489999999999991e+00 4.389289999999999792e+24
3.447099999999999831e+00 3.509180000000000110e+24
4.823590000000000266e+00 2.856120000000000002e+24
6.505969999999999587e+00 2.429349999999999751e+24
8.494229999999999947e+00 2.153510000000000120e+24
1.078839999999999932e+01 1.968690000000000109e+24
1.338840000000000074e+01 1.839249999999999882e+24
1.629439999999999955e+01 1.744069999999999877e+24
1.950619999999999976e+01 1.670860000000000072e+24
2.302390000000000114e+01 1.611860000000000053e+24
2.684750000000000014e+01 1.561879999999999910e+24
3.097690000000000055e+01 1.517700000000000007e+24
3.541230000000000189e+01 1.477519999999999929e+24
4.015359999999999729e+01 1.440010000000000035e+24
4.520069999999999766e+01 1.404419999999999907e+24
5.055369999999999919e+01 1.370460000000000068e+24
5.621260000000000190e+01 1.337820000000000035e+24
6.217739999999999867e+01 1.306559999999999883e+24
6.844809999999999661e+01 1.276960000000000059e+24
7.502469999999999573e+01 1.249070000000000001e+24
8.190720000000000312e+01 1.222909999999999912e+24
8.909550000000000125e+01 1.198599999999999948e+24
9.658969999999999345e+01 1.176019999999999953e+24
1.043900000000000006e+02 1.155109999999999986e+24
1.124959999999999951e+02 1.135570000000000067e+24
1.209080000000000013e+02 1.117290000000000010e+24
1.296260000000000048e+02 1.100059999999999951e+24
1.386490000000000009e+02 1.083859999999999953e+24
1.479790000000000134e+02 1.068480000000000017e+24
1.576140000000000043e+02 1.053880000000000002e+24
1.675560000000000116e+02 1.039839999999999941e+24
1.778029999999999973e+02 1.026340000000000033e+24
1.883559999999999945e+02 1.013340000000000001e+24
1.992150000000000034e+02 1.000769999999999937e+24
2.103799999999999955e+02 9.886159999999999643e+23
2.218509999999999991e+02 9.768330000000000270e+23
2.336270000000000095e+02 9.653899999999999418e+23
2.457100000000000080e+02 9.542780000000000194e+23
2.580980000000000132e+02 9.434419999999999659e+23
2.707919999999999732e+02 9.328820000000000498e+23
2.837930000000000064e+02 9.225809999999999630e+23
2.970989999999999895e+02 9.124969999999999473e+23
3.107110000000000127e+02 9.026759999999999360e+23
3.246290000000000191e+02 8.930750000000000265e+23
3.388519999999999754e+02 8.836839999999999822e+23
3.533820000000000050e+02 8.744899999999999387e+23
3.682180000000000177e+02 8.654879999999999790e+23
3.833589999999999804e+02 8.566669999999999908e+23
3.988059999999999832e+02 8.480200000000000367e+23
4.145590000000000259e+02 8.395390000000000349e+23
4.306190000000000282e+02 8.312199999999999444e+23
4.469830000000000041e+02 8.230510000000000454e+23
4.636539999999999964e+02 8.150310000000000590e+23
4.806309999999999718e+02 8.071520000000000377e+23
4.979139999999999873e+02 7.994200000000000430e+23
5.155019999999999527e+02 7.918119999999999738e+23
5.333970000000000482e+02 7.843330000000000155e+23
5.515969999999999800e+02 7.769800000000000031e+23
5.701029999999999518e+02 7.697490000000000301e+23
5.889149999999999636e+02 7.626259999999999533e+23
6.080330000000000155e+02 7.556309999999999772e+23
6.274569999999999936e+02 7.487489999999999484e+23
6.471870000000000118e+02 7.419789999999999908e+23
6.672219999999999800e+02 7.353040000000000650e+23
6.875639999999999645e+02 7.287510000000000443e+23
7.082110000000000127e+02 7.223040000000000336e+23
7.291639999999999873e+02 7.159600000000000021e+23
7.504239999999999782e+02 7.097179999999999397e+23
7.719890000000000327e+02 7.035840000000000419e+23
7.938600000000000136e+02 6.975420000000000110e+23
8.160359999999999445e+02 6.915980000000000425e+23
8.385190000000000055e+02 6.857520000000000021e+23
8.613079999999999927e+02 6.800009999999999934e+23
8.844020000000000437e+02 6.743340000000000383e+23
9.078029999999999973e+02 6.687719999999999486e+23
9.315090000000000146e+02 6.633019999999999942e+23
9.555209999999999582e+02 6.579240000000000409e+23
9.798390000000000555e+02 6.526369999999999442e+23
1.004460000000000036e+03 6.474389999999999520e+23
1.029390000000000100e+03 6.423290000000000543e+23
1.054630000000000109e+03 6.373069999999999824e+23
1.080170000000000073e+03 6.323709999999999845e+23
1.106019999999999982e+03 6.275200000000000503e+23
1.132170000000000073e+03 6.227469999999999740e+23
1.158630000000000109e+03 6.180640000000000126e+23
1.185400000000000091e+03 6.134629999999999499e+23
1.212470000000000027e+03 6.089430000000000443e+23
1.239839999999999918e+03 6.045040000000000273e+23
1.267529999999999973e+03 6.001430000000000024e+23
1.295509999999999991e+03 5.958609999999999798e+23
1.323809999999999945e+03 5.916539999999999858e+23
1.352410000000000082e+03 5.875239999999999738e+23
1.381319999999999936e+03 5.834679999999999801e+23
1.410529999999999973e+03 5.794849999999999945e+23
1.440049999999999955e+03 5.755719999999999864e+23
1.469869999999999891e+03 5.717329999999999966e+23
1.500000000000000000e+03 5.679639999999999843e+23
-----------------------

Townsend ioniz. coef. alpha/N (m2)
-----------------------
1.000000000000000000e+00 0.000000000000000000e+00
1.152940000000000076e+00 0.000000000000000000e+00
1.611769999999999925e+00 0.000000000000000000e+00
2.376489999999999991e+00 0.000000000000000000e+00
3.447099999999999831e+00 0.000000000000000000e+00
4.823590000000000266e+00 0.000000000000000000e+00
6.505969999999999587e+00 0.000000000000000000e+00
8.494229999999999947e+00 0.000000000000000000e+00
1.078839999999999932e+01 0.000000000000000000e+00
1.338840000000000074e+01 0.000000000000000000e+00
1.629439999999999955e+01 0.000000000000000000e+00
1.950619999999999976e+01 0.000000000000000000e+00
2.302390000000000114e+01 6.757740000000000078e-32
2.684750000000000014e+01 1.885670000000000092e-30
3.097690000000000055e+01 2.895449999999999763e-29
3.541230000000000189e+01 2.647200000000000198e-28
4.015359999999999729e+01 1.677079999999999935e-27
4.520069999999999766e+01 8.048350000000000504e-27
5.055369999999999919e+01 3.113439999999999744e-26
5.621260000000000190e+01 1.012340000000000022e-25
6.217739999999999867e+01 2.855650000000000134e-25
6.844809999999999661e+01 7.140239999999999730e-25
7.502469999999999573e+01 1.609579999999999979e-24
8.190720000000000312e+01 3.315469999999999714e-24
8.909550000000000125e+01 6.310430000000000123e-24
9.658969999999999345e+01 1.121089999999999994e-23
1.043900000000000006e+02 1.875879999999999868e-23
1.124959999999999951e+02 2.978850000000000171e-23
1.209080000000000013e+02 4.521170000000000139e-23
1.296260000000000048e+02 6.598430000000000043e-23
1.386490000000000009e+02 9.307040000000000244e-23
1.479790000000000134e+02 1.274400000000000065e-22
1.576140000000000043e+02 1.700440000000000115e-22
1.675560000000000116e+02 2.217830000000000022e-22
1.778029999999999973e+02 2.835260000000000036e-22
1.883559999999999945e+02 3.560809999999999970e-22
1.992150000000000034e+02 4.401949999999999679e-22
2.103799999999999955e+02 5.365369999999999754e-22
2.218509999999999991e+02 6.457099999999999787e-22
2.336270000000000095e+02 7.682359999999999958e-22
2.457100000000000080e+02 9.045749999999999806e-22
2.580980000000000132e+02 1.055059999999999932e-21
2.707919999999999732e+02 1.219980000000000063e-21
2.837930000000000064e+02 1.399549999999999993e-21
2.970989999999999895e+02 1.593889999999999954e-21
3.107110000000000127e+02 1.803049999999999951e-21
3.246290000000000191e+02 2.027019999999999870e-21
3.388519999999999754e+02 2.265719999999999931e-21
3.533820000000000050e+02 2.519010000000000050e-21
3.682180000000000177e+02 2.786669999999999988e-21
3.833589999999999804e+02 3.068470000000000144e-21
3.988059999999999832e+02 3.364119999999999860e-21
4.145590000000000259e+02 3.673290000000000281e-21
4.306190000000000282e+02 3.995629999999999692e-21
4.469830000000000041e+02 4.330709999999999985e-21
4.636539999999999964e+02 4.678149999999999856e-21
4.806309999999999718e+02 5.037490000000000105e-21
4.979139999999999873e+02 5.408319999999999839e-21
5.155019999999999527e+02 5.790140000000000156e-21
5.333970000000000482e+02 6.182490000000000350e-21
5.515969999999999800e+02 6.584909999999999714e-21
5.701029999999999518e+02 6.996930000000000437e-21
5.889149999999999636e+02 7.418060000000000722e-21
6.080330000000000155e+02 7.847809999999999521e-21
6.274569999999999936e+02 8.285729999999999251e-21
6.471870000000000118e+02 8.731340000000000483e-21
6.672219999999999800e+02 9.184179999999999502e-21
6.875639999999999645e+02 9.643800000000000229e-21
7.082110000000000127e+02 1.010979999999999963e-20
7.291639999999999873e+02 1.058160000000000015e-20
7.504239999999999782e+02 1.105889999999999989e-20
7.719890000000000327e+02 1.154130000000000033e-20
7.938600000000000136e+02 1.202820000000000068e-20
8.160359999999999445e+02 1.251940000000000017e-20
8.385190000000000055e+02 1.301440000000000065e-20
8.613079999999999927e+02 1.351280000000000060e-20
8.844020000000000437e+02 1.401430000000000112e-20
9.078029999999999973e+02 1.451849999999999917e-20
9.315090000000000146e+02 1.502499999999999925e-20
9.555209999999999582e+02 1.553350000000000097e-20
9.798390000000000555e+02 1.604359999999999978e-20
1.004460000000000036e+03 1.655500000000000130e-20
1.029390000000000100e+03 1.706730000000000099e-20
1.054630000000000109e+03 1.758029999999999961e-20
1.080170000000000073e+03 1.809369999999999975e-20
1.106019999999999982e+03 1.860709999999999990e-20
1.132170000000000073e+03 1.912009999999999851e-20
1.158630000000000109e+03 1.963279999999999974e-20
1.185400000000000091e+03 2.014459999999999978e-20
1.212470000000000027e+03 2.065529999999999938e-20
1.239839999999999918e+03 2.116460000000000114e-20
1.267529999999999973e+03 2.167249999999999906e-20
1.295509999999999991e+03 2.217840000000000136e-20
1.323809999999999945e+03 2.268220000000000089e-20
1.352410000000000082e+03 2.318370000000000141e-20
1.381319999999999936e+03 2.368270000000000064e-20
1.410529999999999973e+03 2.417880000000000007e-20
1.440049999999999955e+03 2.467199999999999969e-20
1.469869999999999891e+03 2.516199999999999910e-20
1.500000000000000000e+03 2.564859999999999905e-20
-----------------------

Townsend attach. coef. eta/N (m2)
-----------------------
1.000000000000000000e+00 8.080430000000000402e-47
1.152940000000000076e+00 7.078170000000000382e-47
1.611769999999999925e+00 5.033930000000000285e-47
2.376489999999999991e+00 3.168339999999999786e-47
3.447099999999999831e+00 1.891529999999999961e-47
4.823590000000000266e+00 1.157350000000000114e-47
6.505969999999999587e+00 7.620729999999999683e-48
8.494229999999999947e+00 5.419409999999999856e-48
1.078839999999999932e+01 4.096529999999999886e-48
1.338840000000000074e+01 2.582280000000000118e-31
1.629439999999999955e+01 1.409340000000000071e-29
1.950619999999999976e+01 3.124559999999999828e-28
2.302390000000000114e+01 3.296589999999999868e-27
2.684750000000000014e+01 2.042680000000000050e-26
3.097690000000000055e+01 8.616019999999999767e-26
3.541230000000000189e+01 2.723789999999999975e-25
4.015359999999999729e+01 6.906670000000000199e-25
4.520069999999999766e+01 1.476490000000000016e-24
5.055369999999999919e+01 2.755689999999999884e-24
5.621260000000000190e+01 4.601309999999999673e-24
6.217739999999999867e+01 7.008560000000000066e-24
6.844809999999999661e+01 9.877250000000000181e-24
7.502469999999999573e+01 1.303600000000000056e-23
8.190720000000000312e+01 1.627410000000000103e-23
8.909550000000000125e+01 1.938370000000000031e-23
9.658969999999999345e+01 2.219660000000000089e-23
1.043900000000000006e+02 2.460260000000000105e-23
1.124959999999999951e+02 2.654100000000000071e-23
1.209080000000000013e+02 2.800759999999999968e-23
1.296260000000000048e+02 2.903030000000000036e-23
1.386490000000000009e+02 2.965390000000000264e-23
1.479790000000000134e+02 2.993560000000000157e-23
1.576140000000000043e+02 2.993350000000000148e-23
1.675560000000000116e+02 2.970009999999999865e-23
1.778029999999999973e+02 2.928469999999999818e-23
1.883559999999999945e+02 2.872879999999999727e-23
1.992150000000000034e+02 2.806759999999999877e-23
2.103799999999999955e+02 2.732989999999999967e-23
2.218509999999999991e+02 2.653910000000000007e-23
2.336270000000000095e+02 2.571420000000000048e-23
2.457100000000000080e+02 2.487049999999999984e-23
2.580980000000000132e+02 2.401909999999999986e-23
2.707919999999999732e+02 2.316970000000000024e-23
2.837930000000000064e+02 2.232909999999999987e-23
2.970989999999999895e+02 2.150300000000000065e-23
3.107110000000000127e+02 2.069500000000000147e-23
3.246290000000000191e+02 1.990809999999999993e-23
3.388519999999999754e+02 1.914429999999999934e-23
3.533820000000000050e+02 1.840510000000000143e-23
3.682180000000000177e+02 1.769109999999999867e-23
3.833589999999999804e+02 1.700280000000000145e-23
3.988059999999999832e+02 1.634020000000000094e-23
4.145590000000000259e+02 1.570300000000000091e-23
4.306190000000000282e+02 1.509109999999999869e-23
4.469830000000000041e+02 1.450369999999999943e-23
4.636539999999999964e+02 1.394019999999999892e-23
4.806309999999999718e+02 1.339999999999999879e-23
4.979139999999999873e+02 1.288229999999999980e-23
5.155019999999999527e+02 1.238620000000000001e-23
5.333970000000000482e+02 1.191090000000000016e-23
5.515969999999999800e+02 1.145580000000000044e-23
5.701029999999999518e+02 1.101990000000000067e-23
5.889149999999999636e+02 1.060240000000000010e-23
6.080330000000000155e+02 1.020270000000000041e-23
6.274569999999999936e+02 9.819779999999999692e-24
6.471870000000000118e+02 9.453080000000000088e-24
6.672219999999999800e+02 9.102009999999999695e-24
6.875639999999999645e+02 8.765529999999999325e-24
7.082110000000000127e+02 8.443149999999999742e-24
7.291639999999999873e+02 8.134230000000000653e-24
7.504239999999999782e+02 7.838169999999999306e-24
7.719890000000000327e+02 7.554350000000000054e-24
7.938600000000000136e+02 7.282280000000000724e-24
8.160359999999999445e+02 7.021389999999999653e-24
8.385190000000000055e+02 6.771170000000000307e-24
8.613079999999999927e+02 6.531139999999999893e-24
8.844020000000000437e+02 6.300890000000000132e-24
9.078029999999999973e+02 6.079850000000000097e-24
9.315090000000000146e+02 5.867670000000000018e-24
9.555209999999999582e+02 5.663950000000000264e-24
9.798390000000000555e+02 5.468309999999999973e-24
1.004460000000000036e+03 5.280439999999999853e-24
1.029390000000000100e+03 5.099880000000000291e-24
1.054630000000000109e+03 4.926369999999999652e-24
1.080170000000000073e+03 4.759579999999999877e-24
1.106019999999999982e+03 4.599229999999999826e-24
1.132170000000000073e+03 4.445099999999999812e-24
1.158630000000000109e+03 4.296780000000000085e-24
1.185400000000000091e+03 4.154089999999999966e-24
1.212470000000000027e+03 4.016780000000000143e-24
1.239839999999999918e+03 3.884630000000000196e-24
1.267529999999999973e+03 3.757450000000000060e-24
1.295509999999999991e+03 3.634949999999999948e-24
1.323809999999999945e+03 3.516970000000000153e-24
1.352410000000000082e+03 3.403329999999999997e-24
1.381319999999999936e+03 3.293840000000000151e-24
1.410529999999999973e+03 3.188330000000000055e-24
1.440049999999999955e+03 3.086669999999999994e-24
1.469869999999999891e+03 2.988630000000000161e-24
1.500000000000000000e+03 2.894099999999999979e-24
-----------------------

Three-body attachment rate (m6/s)
-----------------------
1.000000000000000000e+00 2.624139000000000148e-42
1.152940000000000076e+00 2.507117999999999952e-42
1.611769999999999925e+00 2.164235999999999932e-42
2.376489999999999991e+00 1.652465000000000091e-42
3.447099999999999831e+00 1.144041999999999995e-42
4.823590000000000266e+00 7.972226999999999709e-43
6.505969999999999587e+00 6.022388999999999685e-43
8.494229999999999947e+00 4.956711000000000033e-43
1.078839999999999932e+01 4.350306000000000056e-43
1.338840000000000074e+01 3.984759000000000055e-43
1.629439999999999955e+01 3.751969000000000121e-43
1.950619999999999976e+01 3.594281000000000108e-43
2.302390000000000114e+01 3.481129999999999840e-43
2.684750000000000014e+01 3.393997999999999803e-43
3.097690000000000055e+01 3.320949000000000064e-43
3.541230000000000189e+01 3.253613000000000070e-43
4.015359999999999729e+01 3.184336000000000163e-43
4.520069999999999766e+01 3.106510999999999913e-43
5.055369999999999919e+01 3.014047000000000160e-43
5.621260000000000190e+01 2.902648999999999836e-43
6.217739999999999867e+01 2.770010000000000066e-43
6.844809999999999661e+01 2.617526000000000087e-43
7.502469999999999573e+01 2.448809999999999965e-43
8.190720000000000312e+01 2.269785000000000048e-43
8.909550000000000125e+01 2.087035000000000193e-43
9.658969999999999345e+01 1.906921000000000053e-43
1.043900000000000006e+02 1.734325999999999920e-43
1.124959999999999951e+02 1.573319999999999987e-43
1.209080000000000013e+02 1.425691999999999973e-43
1.296260000000000048e+02 1.292376000000000089e-43
1.386490000000000009e+02 1.172921000000000042e-43
1.479790000000000134e+02 1.066749999999999928e-43
1.576140000000000043e+02 9.725369999999999841e-44
1.675560000000000116e+02 8.895827999999999910e-44
1.778029999999999973e+02 8.163622000000000304e-44
1.883559999999999945e+02 7.516855999999999622e-44
1.992150000000000034e+02 6.944829999999999854e-44
2.103799999999999955e+02 6.437274000000000394e-44
2.218509999999999991e+02 5.985816999999999755e-44
2.336270000000000095e+02 5.582954999999999593e-44
2.457100000000000080e+02 5.221849000000000429e-44
2.580980000000000132e+02 4.897687999999999524e-44
2.707919999999999732e+02 4.605295000000000360e-44
2.837930000000000064e+02 4.340594000000000226e-44
2.970989999999999895e+02 4.100401999999999848e-44
3.107110000000000127e+02 3.881099000000000187e-44
3.246290000000000191e+02 3.680465000000000097e-44
3.388519999999999754e+02 3.496307000000000054e-44
3.533820000000000050e+02 3.326914000000000016e-44
3.682180000000000177e+02 3.170308000000000160e-44
3.833589999999999804e+02 3.025277000000000172e-44
3.988059999999999832e+02 2.890609000000000236e-44
4.145590000000000259e+02 2.765247999999999788e-44
4.306190000000000282e+02 2.648062999999999897e-44
4.469830000000000041e+02 2.538698000000000190e-44
4.636539999999999964e+02 2.436212999999999828e-44
4.806309999999999718e+02 2.339988000000000164e-44
4.979139999999999873e+02 2.249215999999999831e-44
5.155019999999999527e+02 2.163953000000000010e-44
5.333970000000000482e+02 2.083486999999999955e-44
5.515969999999999800e+02 2.007431999999999896e-44
5.701029999999999518e+02 1.935447000000000030e-44
5.889149999999999636e+02 1.867463000000000027e-44
6.080330000000000155e+02 1.802702999999999909e-44
6.274569999999999936e+02 1.741177999999999894e-44
6.471870000000000118e+02 1.682660999999999978e-44
6.672219999999999800e+02 1.627114000000000060e-44
6.875639999999999645e+02 1.574003000000000080e-44
7.082110000000000127e+02 1.523337999999999920e-44
7.291639999999999873e+02 1.474963999999999917e-44
7.504239999999999782e+02 1.428736999999999882e-44
7.719890000000000327e+02 1.384458000000000026e-44
7.938600000000000136e+02 1.342146000000000023e-44
8.160359999999999445e+02 1.301619999999999924e-44
8.385190000000000055e+02 1.262776000000000060e-44
8.613079999999999927e+02 1.225517999999999972e-44
8.844020000000000437e+02 1.189893999999999891e-44
9.078029999999999973e+02 1.155546000000000014e-44
9.315090000000000146e+02 1.122540999999999998e-44
9.555209999999999582e+02 1.090807999999999960e-44
9.798390000000000555e+02 1.060282000000000045e-44
1.004460000000000036e+03 1.030809000000000058e-44
1.029390000000000100e+03 1.002521999999999969e-44
1.054630000000000109e+03 9.752684999999999642e-45
1.080170000000000073e+03 9.489987999999999622e-45
1.106019999999999982e+03 9.236662000000000226e-45
1.132170000000000073e+03 8.992799000000000317e-45
1.158630000000000109e+03 8.756872999999999408e-45
1.185400000000000091e+03 8.529069999999999882e-45
1.212470000000000027e+03 8.309025999999999419e-45
1.239839999999999918e+03 8.096391999999999505e-45
1.267529999999999973e+03 7.889568000000000379e-45
1.295509999999999991e+03 7.690875000000000102e-45
1.323809999999999945e+03 7.498661999999999665e-45
1.352410000000000082e+03 7.312654999999999668e-45
1.381319999999999936e+03 7.132594999999999537e-45
1.410529999999999973e+03 6.958235000000000498e-45
1.440049999999999955e+03 6.789505999999999981e-45
1.469869999999999891e+03 6.625847999999999876e-45
1.500000000000000000e+03 6.467228000000000522e-45
-----------------------

