gas_composition
-----------------------
N2 0.8
O2 0.2
-----------------------

Mobility *N (1/m/V/s)
-----------------------
1.000000000000000000e+00 6.385600000000000419e+24
1.152940000000000076e+00 6.058169999999999486e+24
1.611769999999999925e+00 5.283680000000000512e+24
2.376489999999999991e+00 4.357290000000000127e+24
3.447099999999999831e+00 3.487289999999999922e+24
4.823590000000000266e+00 2.841619999999999936e+24
6.505969999999999587e+00 2.419969999999999953e+24
8.494229999999999947e+00 2.147390000000000097e+24
1.078839999999999932e+01 1.964770000000000029e+24
1.338840000000000074e+01 1.836729999999999888e+24
1.629439999999999955e+01 1.742499999999999932e+24
1.950619999999999976e+01 1.670040000000000010e+24
2.302390000000000114e+01 1.611420000000000118e+24
2.684750000000000014e+01 1.561690000000000115e+24
3.097690000000000055e+01 1.517819999999999892e+24
3.541230000000000189e+01 1.477759999999999966e+24
4.015359999999999729e+01 1.440300000000000047e+24
4.520069999999999766e+01 1.404679999999999880e+24
5.055369999999999919e+01 1.370609999999999991e+24
5.621260000000000190e+01 1.337800000000000099e+24
6.217739999999999867e+01 1.306649999999999997e+24
6.844809999999999661e+01 1.277140000000000020e+24
7.502469999999999573e+01 1.249409999999999987e+24
8.190720000000000312e+01 1.223519999999999975e+24
8.909550000000000125e+01 1.199509999999999990e+24
9.658969999999999345e+01 1.177239999999999943e+24
1.043900000000000006e+02 1.156709999999999969e+24
1.124959999999999951e+02 1.137670000000000061e+24
1.209080000000000013e+02 1.120039999999999939e+24
1.296260000000000048e+02 1.103489999999999987e+24
1.386490000000000009e+02 1.087940000000000058e+24
1.479790000000000134e+02 1.073220000000000024e+24
1.576140000000000043e+02 1.059290000000000014e+24
1.675560000000000116e+02 1.046009999999999939e+24
1.778029999999999973e+02 1.033310000000000021e+24
1.883559999999999945e+02 1.021149999999999988e+24
1.992150000000000034e+02 1.009420000000000056e+24
2.103799999999999955e+02 9.980949999999999688e+23
2.218509999999999991e+02 9.871550000000000600e+23
2.336270000000000095e+02 9.765430000000000149e+23
2.457100000000000080e+02 9.662869999999999856e+23
2.580980000000000132e+02 9.563369999999999976e+23
2.707919999999999732e+02 9.466739999999999911e+23
2.837930000000000064e+02 9.372989999999999761e+23
2.970989999999999895e+02 9.281650000000000092e+23
3.107110000000000127e+02 9.192749999999999866e+23
3.246290000000000191e+02 9.106180000000000645e+23
3.388519999999999754e+02 9.021679999999999769e+23
3.533820000000000050e+02 8.939459999999999387e+23
3.682180000000000177e+02 8.859289999999999830e+23
3.833589999999999804e+02 8.781080000000000178e+23
3.988059999999999832e+02 8.704739999999999512e+23
4.145590000000000259e+02 8.630230000000000107e+23
4.306190000000000282e+02 8.557410000000000532e+23
4.469830000000000041e+02 8.486269999999999342e+23
4.636539999999999964e+02 8.416749999999999950e+23
4.806309999999999718e+02 8.348770000000000197e+23
4.979139999999999873e+02 8.282279999999999570e+23
5.155019999999999527e+02 8.217240000000000346e+23
5.333970000000000482e+02 8.153619999999999533e+23
5.515969999999999800e+02 8.091350000000000443e+23
5.701029999999999518e+02 8.030389999999999982e+23
5.889149999999999636e+02 7.970580000000000540e+23
6.080330000000000155e+02 7.912130000000000239e+23
6.274569999999999936e+02 7.854880000000000126e+23
6.471870000000000118e+02 7.798799999999999895e+23
6.672219999999999800e+02 7.743850000000000480e+23
6.875639999999999645e+02 7.690049999999999400e+23
7.082110000000000127e+02 7.637260000000000592e+23
7.291639999999999873e+02 7.585520000000000440e+23
7.504239999999999782e+02 7.534810000000000081e+23
7.719890000000000327e+02 7.485080000000000346e+23
7.938600000000000136e+02 7.436329999999999893e+23
8.160359999999999445e+02 7.388499999999999449e+23
8.385190000000000055e+02 7.341620000000000666e+23
8.613079999999999927e+02 7.295650000000000448e+23
8.844020000000000437e+02 7.250569999999999934e+23
9.078029999999999973e+02 7.206350000000000160e+23
9.315090000000000146e+02 7.162979999999999680e+23
9.555209999999999582e+02 7.120449999999999735e+23
9.798390000000000555e+02 7.078660000000000645e+23
1.004460000000000036e+03 7.037739999999999712e+23
1.029390000000000100e+03 6.997610000000000144e+23
1.054630000000000109e+03 6.958240000000000294e+23
1.080170000000000073e+03 6.919620000000000058e+23
1.106019999999999982e+03 6.881749999999999436e+23
1.132170000000000073e+03 6.844599999999999465e+23
1.158630000000000109e+03 6.808190000000000349e+23
1.185400000000000091e+03 6.772450000000000029e+23
1.212470000000000027e+03 6.737389999999999950e+23
1.239839999999999918e+03 6.703010000000000113e+23
1.267529999999999973e+03 6.669290000000000312e+23
1.295509999999999991e+03 6.636210000000000343e+23
1.323809999999999945e+03 6.603780000000000309e+23
1.352410000000000082e+03 6.571969999999999903e+23
1.381319999999999936e+03 6.540750000000000160e+23
1.410529999999999973e+03 6.510160000000000147e+23
1.440049999999999955e+03 6.480169999999999557e+23
1.469869999999999891e+03 6.450749999999999426e+23
1.500000000000000000e+03 6.421909999999999856e+23
-----------------------

Townsend ioniz. coef. alpha/N (m2)
-----------------------
1.000000000000000000e+00 0.000000000000000000e+00
1.152940000000000076e+00 0.000000000000000000e+00
1.611769999999999925e+00 0.000000000000000000e+00
2.376489999999999991e+00 0.000000000000000000e+00
3.447099999999999831e+00 0.000000000000000000e+00
4.823590000000000266e+00 0.000000000000000000e+00
6.505969999999999587e+00 0.000000000000000000e+00
8.494229999999999947e+00 0.000000000000000000e+00
1.078839999999999932e+01 0.000000000000000000e+00
1.338840000000000074e+01 0.000000000000000000e+00
1.629439999999999955e+01 0.000000000000000000e+00
1.950619999999999976e+01 9.128039999999999950e-34
2.302390000000000114e+01 5.372950000000000250e-32
2.684750000000000014e+01 1.959109999999999956e-30
3.097690000000000055e+01 2.757030000000000161e-29
3.541230000000000189e+01 2.453029999999999799e-28
4.015359999999999729e+01 1.509920000000000068e-27
4.520069999999999766e+01 7.082710000000000097e-27
5.055369999999999919e+01 2.683770000000000033e-26
5.621260000000000190e+01 8.594159999999999526e-26
6.217739999999999867e+01 2.395609999999999949e-25
6.844809999999999661e+01 5.944269999999999985e-25
7.502469999999999573e+01 1.334679999999999931e-24
8.190720000000000312e+01 2.744649999999999989e-24
8.909550000000000125e+01 5.226420000000000135e-24
9.658969999999999345e+01 9.302660000000000275e-24
1.043900000000000006e+02 1.560669999999999907e-23
1.124959999999999951e+02 2.486910000000000076e-23
1.209080000000000013e+02 3.788300000000000055e-23
1.296260000000000048e+02 5.548349999999999636e-23
1.386490000000000009e+02 7.853620000000000190e-23
1.479790000000000134e+02 1.079000000000000111e-22
1.576140000000000043e+02 1.444110000000000104e-22
1.675560000000000116e+02 1.888780000000000026e-22
1.778029999999999973e+02 2.420760000000000133e-22
1.883559999999999945e+02 3.047090000000000051e-22
1.992150000000000034e+02 3.774280000000000165e-22
2.103799999999999955e+02 4.608219999999999982e-22
2.218509999999999991e+02 5.553999999999999806e-22
2.336270000000000095e+02 6.616000000000000252e-22
2.457100000000000080e+02 7.797759999999999551e-22
2.580980000000000132e+02 9.102010000000000283e-22
2.707919999999999732e+02 1.053109999999999996e-21
2.837930000000000064e+02 1.208649999999999947e-21
2.970989999999999895e+02 1.376830000000000022e-21
3.107110000000000127e+02 1.557700000000000034e-21
3.246290000000000191e+02 1.751169999999999903e-21
3.388519999999999754e+02 1.957060000000000031e-21
3.533820000000000050e+02 2.175389999999999894e-21
3.682180000000000177e+02 2.405759999999999842e-21
3.833589999999999804e+02 2.647969999999999862e-21
3.988059999999999832e+02 2.901730000000000048e-21
4.145590000000000259e+02 3.166599999999999922e-21
4.306190000000000282e+02 3.442549999999999896e-21
4.469830000000000041e+02 3.728910000000000265e-21
4.636539999999999964e+02 4.025390000000000372e-21
4.806309999999999718e+02 4.331590000000000191e-21
4.979139999999999873e+02 4.646979999999999727e-21
5.155019999999999527e+02 4.971550000000000370e-21
5.333970000000000482e+02 5.304489999999999700e-21
5.515969999999999800e+02 5.645509999999999692e-21
5.701029999999999518e+02 5.994200000000000207e-21
5.889149999999999636e+02 6.350000000000000156e-21
6.080330000000000155e+02 6.712939999999999880e-21
6.274569999999999936e+02 7.082150000000000038e-21
6.471870000000000118e+02 7.457489999999999795e-21
6.672219999999999800e+02 7.838500000000000700e-21
6.875639999999999645e+02 8.224669999999999976e-21
7.082110000000000127e+02 8.616039999999999581e-21
7.291639999999999873e+02 9.011890000000000372e-21
7.504239999999999782e+02 9.411890000000000109e-21
7.719890000000000327e+02 9.815810000000000696e-21
7.938600000000000136e+02 1.022329999999999967e-20
8.160359999999999445e+02 1.063379999999999969e-20
8.385190000000000055e+02 1.104740000000000029e-20
8.613079999999999927e+02 1.146360000000000030e-20
8.844020000000000437e+02 1.188199999999999970e-20
9.078029999999999973e+02 1.230259999999999999e-20
9.315090000000000146e+02 1.272480000000000038e-20
9.555209999999999582e+02 1.314849999999999973e-20
9.798390000000000555e+02 1.357319999999999991e-20
1.004460000000000036e+03 1.399890000000000089e-20
1.029390000000000100e+03 1.442539999999999892e-20
1.054630000000000109e+03 1.485239999999999962e-20
1.080170000000000073e+03 1.527950000000000144e-20
1.106019999999999982e+03 1.570660000000000026e-20
1.132170000000000073e+03 1.613349999999999982e-20
1.158630000000000109e+03 1.656000000000000086e-20
1.185400000000000091e+03 1.698579999999999997e-20
1.212470000000000027e+03 1.741079999999999904e-20
1.239839999999999918e+03 1.783489999999999992e-20
1.267529999999999973e+03 1.825770000000000110e-20
1.295509999999999991e+03 1.867919999999999957e-20
1.323809999999999945e+03 1.909910000000000094e-20
1.352410000000000082e+03 1.951739999999999920e-20
1.381319999999999936e+03 1.993369999999999884e-20
1.410529999999999973e+03 2.034810000000000100e-20
1.440049999999999955e+03 2.076040000000000039e-20
1.469869999999999891e+03 2.117049999999999888e-20
1.500000000000000000e+03 2.157809999999999910e-20
-----------------------

Townsend attach. coef. eta/N (m2)
-----------------------
1.000000000000000000e+00 8.151939999999999767e-47
1.152940000000000076e+00 7.121190000000000453e-47
1.611769999999999925e+00 5.040580000000000029e-47
2.376489999999999991e+00 3.162020000000000043e-47
3.447099999999999831e+00 1.885229999999999959e-47
4.823590000000000266e+00 1.153840000000000012e-47
6.505969999999999587e+00 7.604109999999999953e-48
8.494229999999999947e+00 5.411890000000000141e-48
1.078839999999999932e+01 4.092939999999999965e-48
1.338840000000000074e+01 4.765899999999999687e-31
1.629439999999999955e+01 2.191760000000000120e-29
1.950619999999999976e+01 4.315900000000000161e-28
2.302390000000000114e+01 4.171850000000000173e-27
2.684750000000000014e+01 2.438439999999999933e-26
3.097690000000000055e+01 9.831419999999999723e-26
3.541230000000000189e+01 3.010770000000000025e-25
4.015359999999999729e+01 7.455140000000000400e-25
4.520069999999999766e+01 1.565670000000000076e-24
5.055369999999999919e+01 2.879529999999999828e-24
5.621260000000000190e+01 4.755240000000000238e-24
6.217739999999999867e+01 7.175009999999999457e-24
6.844809999999999661e+01 1.003609999999999996e-23
7.502469999999999573e+01 1.316679999999999982e-23
8.190720000000000312e+01 1.635369999999999897e-23
8.909550000000000125e+01 1.939899999999999926e-23
9.658969999999999345e+01 2.214140000000000031e-23
1.043900000000000006e+02 2.447700000000000068e-23
1.124959999999999951e+02 2.635719999999999921e-23
1.209080000000000013e+02 2.777819999999999757e-23
1.296260000000000048e+02 2.876689999999999799e-23
1.386490000000000009e+02 2.937229999999999756e-23
1.479790000000000134e+02 2.965050000000000026e-23
1.576140000000000043e+02 2.965519999999999905e-23
1.675560000000000116e+02 2.944029999999999810e-23
1.778029999999999973e+02 2.905239999999999819e-23
1.883559999999999945e+02 2.853189999999999957e-23
1.992150000000000034e+02 2.791169999999999967e-23
2.103799999999999955e+02 2.721989999999999741e-23
2.218509999999999991e+02 2.647850000000000263e-23
2.336270000000000095e+02 2.570570000000000041e-23
2.457100000000000080e+02 2.491519999999999999e-23
2.580980000000000132e+02 2.411829999999999958e-23
2.707919999999999732e+02 2.332349999999999926e-23
2.837930000000000064e+02 2.253760000000000084e-23
2.970989999999999895e+02 2.176490000000000128e-23
3.107110000000000127e+02 2.100940000000000131e-23
3.246290000000000191e+02 2.027350000000000018e-23
3.388519999999999754e+02 1.955940000000000064e-23
3.533820000000000050e+02 1.886770000000000104e-23
3.682180000000000177e+02 1.819919999999999916e-23
3.833589999999999804e+02 1.755439999999999952e-23
3.988059999999999832e+02 1.693299999999999999e-23
4.145590000000000259e+02 1.633510000000000031e-23
4.306190000000000282e+02 1.575980000000000001e-23
4.469830000000000041e+02 1.520699999999999937e-23
4.636539999999999964e+02 1.467590000000000060e-23
4.806309999999999718e+02 1.416579999999999975e-23
4.979139999999999873e+02 1.367610000000000141e-23
5.155019999999999527e+02 1.320569999999999980e-23
5.333970000000000482e+02 1.275430000000000016e-23
5.515969999999999800e+02 1.232089999999999937e-23
5.701029999999999518e+02 1.190479999999999935e-23
5.889149999999999636e+02 1.150550000000000003e-23
6.080330000000000155e+02 1.112180000000000029e-23
6.274569999999999936e+02 1.075339999999999949e-23
6.471870000000000118e+02 1.039949999999999985e-23
6.672219999999999800e+02 1.005950000000000008e-23
6.875639999999999645e+02 9.732809999999999746e-24
7.082110000000000127e+02 9.418690000000000304e-24
7.291639999999999873e+02 9.116730000000000535e-24
7.504239999999999782e+02 8.826360000000000246e-24
7.719890000000000327e+02 8.547040000000000339e-24
7.938600000000000136e+02 8.278280000000000108e-24
8.160359999999999445e+02 8.019719999999999664e-24
8.385190000000000055e+02 7.770709999999999332e-24
8.613079999999999927e+02 7.530929999999999698e-24
8.844020000000000437e+02 7.299980000000000398e-24
9.078029999999999973e+02 7.077439999999999357e-24
9.315090000000000146e+02 6.862990000000000102e-24
9.555209999999999582e+02 6.656260000000000421e-24
9.798390000000000555e+02 6.456990000000000149e-24
1.004460000000000036e+03 6.264729999999999794e-24
1.029390000000000100e+03 6.079230000000000043e-24
1.054630000000000109e+03 5.900219999999999880e-24
1.080170000000000073e+03 5.727429999999999754e-24
1.106019999999999982e+03 5.560600000000000235e-24
1.132170000000000073e+03 5.399469999999999691e-24
1.158630000000000109e+03 5.243840000000000140e-24
1.185400000000000091e+03 5.093439999999999831e-24
1.212470000000000027e+03 4.948080000000000170e-24
1.239839999999999918e+03 4.807560000000000237e-24
1.267529999999999973e+03 4.671679999999999850e-24
1.295509999999999991e+03 4.540269999999999919e-24
1.323809999999999945e+03 4.413139999999999645e-24
1.352410000000000082e+03 4.290119999999999939e-24
1.381319999999999936e+03 4.171110000000000340e-24
1.410529999999999973e+03 4.055860000000000069e-24
1.440049999999999955e+03 3.944280000000000257e-24
1.469869999999999891e+03 3.836219999999999846e-24
1.500000000000000000e+03 3.731550000000000225e-24
-----------------------

Three-body attachment rate (m6/s)
-----------------------
1.000000000000000000e+00 2.602749000000000005e-42
1.152940000000000076e+00 2.486979000000000010e-42
1.611769999999999925e+00 2.146303000000000146e-42
2.376489999999999991e+00 1.637143999999999985e-42
3.447099999999999831e+00 1.133120999999999985e-42
4.823590000000000266e+00 7.907726999999999854e-43
6.505969999999999587e+00 5.986047000000000123e-43
8.494229999999999947e+00 4.935766999999999816e-43
1.078839999999999932e+01 4.337834999999999625e-43
1.338840000000000074e+01 3.977313999999999870e-43
1.629439999999999955e+01 3.747434999999999836e-43
1.950619999999999976e+01 3.592034999999999867e-43
2.302390000000000114e+01 3.480112000000000021e-43
2.684750000000000014e+01 3.393600999999999964e-43
3.097690000000000055e+01 3.320890000000000114e-43
3.541230000000000189e+01 3.253117999999999896e-43
4.015359999999999729e+01 3.183403999999999826e-43
4.520069999999999766e+01 3.104707999999999863e-43
5.055369999999999919e+01 3.011388999999999809e-43
5.621260000000000190e+01 2.898969999999999851e-43
6.217739999999999867e+01 2.765892999999999981e-43
6.844809999999999661e+01 2.613265000000000111e-43
7.502469999999999573e+01 2.444943999999999950e-43
8.190720000000000312e+01 2.267048000000000183e-43
8.909550000000000125e+01 2.086037999999999878e-43
9.658969999999999345e+01 1.908176999999999946e-43
1.043900000000000006e+02 1.738142000000000028e-43
1.124959999999999951e+02 1.579419000000000049e-43
1.209080000000000013e+02 1.433780999999999915e-43
1.296260000000000048e+02 1.302369999999999972e-43
1.386490000000000009e+02 1.184756999999999961e-43
1.479790000000000134e+02 1.080276000000000088e-43
1.576140000000000043e+02 9.877218000000000366e-44
1.675560000000000116e+02 9.059636000000000483e-44
1.778029999999999973e+02 8.337727999999999955e-44
1.883559999999999945e+02 7.698394999999999600e-44
1.992150000000000034e+02 7.134116999999999672e-44
2.103799999999999955e+02 6.633585000000000245e-44
2.218509999999999991e+02 6.188350000000000453e-44
2.336270000000000095e+02 5.791908000000000094e-44
2.457100000000000080e+02 5.436091000000000307e-44
2.580980000000000132e+02 5.116378000000000406e-44
2.707919999999999732e+02 4.828022000000000281e-44
2.837930000000000064e+02 4.566428000000000220e-44
2.970989999999999895e+02 4.329394999999999998e-44
3.107110000000000127e+02 4.113297999999999886e-44
3.246290000000000191e+02 3.915618000000000134e-44
3.388519999999999754e+02 3.734451999999999781e-44
3.533820000000000050e+02 3.567343000000000033e-44
3.682180000000000177e+02 3.413029000000000174e-44
3.833589999999999804e+02 3.270089000000000217e-44
3.988059999999999832e+02 3.137316000000000040e-44
4.145590000000000259e+02 3.013567999999999996e-44
4.306190000000000282e+02 2.898107000000000043e-44
4.469830000000000041e+02 2.790077000000000242e-44
4.636539999999999964e+02 2.688753999999999789e-44
4.806309999999999718e+02 2.593521999999999890e-44
4.979139999999999873e+02 2.503989999999999838e-44
5.155019999999999527e+02 2.419337999999999866e-44
5.333970000000000482e+02 2.339349000000000098e-44
5.515969999999999800e+02 2.263624999999999961e-44
5.701029999999999518e+02 2.191827000000000076e-44
5.889149999999999636e+02 2.123923999999999961e-44
6.080330000000000155e+02 2.059067000000000044e-44
6.274569999999999936e+02 1.997333999999999948e-44
6.471870000000000118e+02 1.938482000000000008e-44
6.672219999999999800e+02 1.882314999999999950e-44
6.875639999999999645e+02 1.828471999999999958e-44
7.082110000000000127e+02 1.777150999999999983e-44
7.291639999999999873e+02 1.728026000000000044e-44
7.504239999999999782e+02 1.680954000000000038e-44
7.719890000000000327e+02 1.635803999999999920e-44
7.938600000000000136e+02 1.592462999999999981e-44
8.160359999999999445e+02 1.550904999999999929e-44
8.385190000000000055e+02 1.510867999999999926e-44
8.613079999999999927e+02 1.472347000000000028e-44
8.844020000000000437e+02 1.435261000000000098e-44
9.078029999999999973e+02 1.399525999999999985e-44
9.315090000000000146e+02 1.365076999999999957e-44
9.555209999999999582e+02 1.331847000000000111e-44
9.798390000000000555e+02 1.299786999999999880e-44
1.004460000000000036e+03 1.268810999999999931e-44
1.029390000000000100e+03 1.238880000000000079e-44
1.054630000000000109e+03 1.209941999999999993e-44
1.080170000000000073e+03 1.181953000000000042e-44
1.106019999999999982e+03 1.154866999999999924e-44
1.132170000000000073e+03 1.128644000000000112e-44
1.158630000000000109e+03 1.103208999999999998e-44
1.185400000000000091e+03 1.078598000000000004e-44
1.212470000000000027e+03 1.054739999999999998e-44
1.239839999999999918e+03 1.031601999999999946e-44
1.267529999999999973e+03 1.009155000000000043e-44
1.295509999999999991e+03 9.873690000000000191e-45
1.323809999999999945e+03 9.662172999999999473e-45
1.352410000000000082e+03 9.456744999999999382e-45
1.381319999999999936e+03 9.256874999999999622e-45
1.410529999999999973e+03 9.062920999999999747e-45
1.440049999999999955e+03 8.874363000000000175e-45
1.469869999999999891e+03 8.690995000000000504e-45
1.500000000000000000e+03 8.512620999999999964e-45
-----------------------

