gas_composition
-----------------------
N2 0.8
O2 0.2
-----------------------

Mobility *N (1/m/V/s)
-----------------------
1.000000000000000000e+00 6.104289999999999626e+24
1.152940000000000076e+00 5.813679999999999853e+24
1.611769999999999925e+00 5.131309999999999933e+24
2.376489999999999991e+00 4.291569999999999857e+24
3.447099999999999831e+00 3.473390000000000084e+24
4.823590000000000266e+00 2.847829999999999805e+24
6.505969999999999587e+00 2.429569999999999853e+24
8.494229999999999947e+00 2.155470000000000026e+24
1.078839999999999932e+01 1.970630000000000078e+24
1.338840000000000074e+01 1.840749999999999917e+24
1.629439999999999955e+01 1.745450000000000027e+24
1.950619999999999976e+01 1.672189999999999980e+24
2.302390000000000114e+01 1.612929999999999987e+24
2.684750000000000014e+01 1.562959999999999945e+24
3.097690000000000055e+01 1.518940000000000068e+24
3.541230000000000189e+01 1.478920000000000015e+24
4.015359999999999729e+01 1.441599999999999916e+24
4.520069999999999766e+01 1.406350000000000042e+24
5.055369999999999919e+01 1.372759999999999960e+24
5.621260000000000190e+01 1.340770000000000129e+24
6.217739999999999867e+01 1.310380000000000014e+24
6.844809999999999661e+01 1.281660000000000060e+24
7.502469999999999573e+01 1.254679999999999910e+24
8.190720000000000312e+01 1.229469999999999871e+24
8.909550000000000125e+01 1.205939999999999961e+24
9.658969999999999345e+01 1.184010000000000035e+24
1.043900000000000006e+02 1.163480000000000061e+24
1.124959999999999951e+02 1.144270000000000026e+24
1.209080000000000013e+02 1.126180000000000033e+24
1.296260000000000048e+02 1.108980000000000012e+24
1.386490000000000009e+02 1.092719999999999937e+24
1.479790000000000134e+02 1.077210000000000014e+24
1.576140000000000043e+02 1.062359999999999994e+24
1.675560000000000116e+02 1.048099999999999965e+24
1.778029999999999973e+02 1.034369999999999987e+24
1.883559999999999945e+02 1.021140000000000020e+24
1.992150000000000034e+02 1.008410000000000064e+24
2.103799999999999955e+02 9.960849999999999546e+23
2.218509999999999991e+02 9.841730000000000406e+23
2.336270000000000095e+02 9.726570000000000144e+23
2.457100000000000080e+02 9.615380000000000204e+23
2.580980000000000132e+02 9.507610000000000333e+23
2.707919999999999732e+02 9.403309999999999699e+23
2.837930000000000064e+02 9.302329999999999452e+23
2.970989999999999895e+02 9.204529999999999505e+23
3.107110000000000127e+02 9.109710000000000495e+23
3.246290000000000191e+02 9.017889999999999945e+23
3.388519999999999754e+02 8.928869999999999835e+23
3.533820000000000050e+02 8.842540000000000383e+23
3.682180000000000177e+02 8.758890000000000144e+23
3.833589999999999804e+02 8.677549999999999363e+23
3.988059999999999832e+02 8.598579999999999995e+23
4.145590000000000259e+02 8.521849999999999368e+23
4.306190000000000282e+02 8.447260000000000488e+23
4.469830000000000041e+02 8.374549999999999353e+23
4.636539999999999964e+02 8.303990000000000066e+23
4.806309999999999718e+02 8.235319999999999969e+23
4.979139999999999873e+02 8.168439999999999381e+23
5.155019999999999527e+02 8.103300000000000477e+23
5.333970000000000482e+02 8.039900000000000571e+23
5.515969999999999800e+02 7.977969999999999588e+23
5.701029999999999518e+02 7.917569999999999484e+23
5.889149999999999636e+02 7.858629999999999541e+23
6.080330000000000155e+02 7.801100000000000592e+23
6.274569999999999936e+02 7.744910000000000579e+23
6.471870000000000118e+02 7.689959999999999822e+23
6.672219999999999800e+02 7.636320000000000377e+23
6.875639999999999645e+02 7.583889999999999882e+23
7.082110000000000127e+02 7.532620000000000509e+23
7.291639999999999873e+02 7.482480000000000608e+23
7.504239999999999782e+02 7.433419999999999670e+23
7.719890000000000327e+02 7.385440000000000377e+23
7.938600000000000136e+02 7.338440000000000367e+23
8.160359999999999445e+02 7.292419999999999638e+23
8.385190000000000055e+02 7.247360000000000671e+23
8.613079999999999927e+02 7.203220000000000372e+23
8.844020000000000437e+02 7.159979999999999879e+23
9.078029999999999973e+02 7.117569999999999819e+23
9.315090000000000146e+02 7.076049999999999463e+23
9.555209999999999582e+02 7.035349999999999436e+23
9.798390000000000555e+02 6.995459999999999638e+23
1.004460000000000036e+03 6.956349999999999761e+23
1.029390000000000100e+03 6.917999999999999602e+23
1.054630000000000109e+03 6.880390000000000296e+23
1.080170000000000073e+03 6.843380000000000414e+23
1.106019999999999982e+03 6.807209999999999725e+23
1.132170000000000073e+03 6.771729999999999379e+23
1.158630000000000109e+03 6.736920000000000514e+23
1.185400000000000091e+03 6.702760000000000241e+23
1.212470000000000027e+03 6.669249999999999903e+23
1.239839999999999918e+03 6.636370000000000637e+23
1.267529999999999973e+03 6.604099999999999554e+23
1.295509999999999991e+03 6.572430000000000579e+23
1.323809999999999945e+03 6.541349999999999583e+23
1.352410000000000082e+03 6.510840000000000388e+23
1.381319999999999936e+03 6.480890000000000207e+23
1.410529999999999973e+03 6.451490000000000280e+23
1.440049999999999955e+03 6.422640000000000608e+23
1.469869999999999891e+03 6.394309999999999541e+23
1.500000000000000000e+03 6.366489999999999662e+23
-----------------------

Townsend ioniz. coef. alpha/N (m2)
-----------------------
1.000000000000000000e+00 0.000000000000000000e+00
1.152940000000000076e+00 0.000000000000000000e+00
1.611769999999999925e+00 0.000000000000000000e+00
2.376489999999999991e+00 0.000000000000000000e+00
3.447099999999999831e+00 0.000000000000000000e+00
4.823590000000000266e+00 0.000000000000000000e+00
6.505969999999999587e+00 0.000000000000000000e+00
8.494229999999999947e+00 0.000000000000000000e+00
1.078839999999999932e+01 0.000000000000000000e+00
1.338840000000000074e+01 0.000000000000000000e+00
1.629439999999999955e+01 0.000000000000000000e+00
1.950619999999999976e+01 0.000000000000000000e+00
2.302390000000000114e+01 8.023349999999999501e-32
2.684750000000000014e+01 2.390659999999999965e-30
3.097690000000000055e+01 3.769790000000000210e-29
3.541230000000000189e+01 3.531549999999999903e-28
4.015359999999999729e+01 2.273839999999999994e-27
4.520069999999999766e+01 1.089649999999999968e-26
5.055369999999999919e+01 4.154629999999999730e-26
5.621260000000000190e+01 1.317950000000000034e-25
6.217739999999999867e+01 3.604479999999999841e-25
6.844809999999999661e+01 8.715910000000000329e-25
7.502469999999999573e+01 1.901260000000000109e-24
8.190720000000000312e+01 3.800240000000000187e-24
8.909550000000000125e+01 7.044280000000000296e-24
9.658969999999999345e+01 1.223910000000000015e-23
1.043900000000000006e+02 2.010659999999999909e-23
1.124959999999999951e+02 3.146929999999999768e-23
1.209080000000000013e+02 4.721989999999999956e-23
1.296260000000000048e+02 6.829810000000000214e-23
1.386490000000000009e+02 9.566510000000000529e-23
1.479790000000000134e+02 1.302770000000000112e-22
1.576140000000000043e+02 1.730790000000000108e-22
1.675560000000000116e+02 2.249510000000000109e-22
1.778029999999999973e+02 2.867339999999999959e-22
1.883559999999999945e+02 3.591770000000000162e-22
1.992150000000000034e+02 4.429839999999999639e-22
2.103799999999999955e+02 5.387199999999999970e-22
2.218509999999999991e+02 6.468909999999999895e-22
2.336270000000000095e+02 7.678929999999999779e-22
2.457100000000000080e+02 9.020259999999999811e-22
2.580980000000000132e+02 1.049500000000000031e-21
2.707919999999999732e+02 1.210389999999999945e-21
2.837930000000000064e+02 1.384779999999999961e-21
2.970989999999999895e+02 1.572609999999999962e-21
3.107110000000000127e+02 1.773730000000000127e-21
3.246290000000000191e+02 1.987979999999999957e-21
3.388519999999999754e+02 2.215090000000000150e-21
3.533820000000000050e+02 2.454789999999999898e-21
3.682180000000000177e+02 2.706660000000000078e-21
3.833589999999999804e+02 2.970520000000000151e-21
3.988059999999999832e+02 3.245800000000000045e-21
4.145590000000000259e+02 3.532140000000000187e-21
4.306190000000000282e+02 3.829099999999999722e-21
4.469830000000000041e+02 4.136150000000000160e-21
4.636539999999999964e+02 4.453120000000000322e-21
4.806309999999999718e+02 4.779249999999999860e-21
4.979139999999999873e+02 5.114190000000000069e-21
5.155019999999999527e+02 5.457480000000000242e-21
5.333970000000000482e+02 5.808490000000000001e-21
5.515969999999999800e+02 6.167290000000000140e-21
5.701029999999999518e+02 6.532990000000000340e-21
5.889149999999999636e+02 6.905280000000000091e-21
6.080330000000000155e+02 7.283769999999999483e-21
6.274569999999999936e+02 7.668049999999999880e-21
6.471870000000000118e+02 8.057610000000000010e-21
6.672219999999999800e+02 8.452380000000000582e-21
6.875639999999999645e+02 8.851690000000000013e-21
7.082110000000000127e+02 9.255259999999999637e-21
7.291639999999999873e+02 9.662760000000000226e-21
7.504239999999999782e+02 1.007380000000000036e-20
7.719890000000000327e+02 1.048800000000000024e-20
7.938600000000000136e+02 1.090530000000000070e-20
8.160359999999999445e+02 1.132530000000000020e-20
8.385190000000000055e+02 1.174739999999999945e-20
8.613079999999999927e+02 1.217169999999999960e-20
8.844020000000000437e+02 1.259780000000000061e-20
9.078029999999999973e+02 1.302519999999999983e-20
9.315090000000000146e+02 1.345399999999999988e-20
9.555209999999999582e+02 1.388369999999999962e-20
9.798390000000000555e+02 1.431429999999999904e-20
1.004460000000000036e+03 1.474540000000000112e-20
1.029390000000000100e+03 1.517669999999999945e-20
1.054630000000000109e+03 1.560809999999999892e-20
1.080170000000000073e+03 1.603929999999999913e-20
1.106019999999999982e+03 1.647030000000000007e-20
1.132170000000000073e+03 1.690070000000000023e-20
1.158630000000000109e+03 1.733040000000000147e-20
1.185400000000000091e+03 1.775929999999999965e-20
1.212470000000000027e+03 1.818710000000000040e-20
1.239839999999999918e+03 1.861369999999999956e-20
1.267529999999999973e+03 1.903890000000000089e-20
1.295509999999999991e+03 1.946249999999999911e-20
1.323809999999999945e+03 1.988450000000000024e-20
1.352410000000000082e+03 2.030469999999999900e-20
1.381319999999999936e+03 2.072300000000000028e-20
1.410529999999999973e+03 2.113919999999999878e-20
1.440049999999999955e+03 2.155330000000000054e-20
1.469869999999999891e+03 2.196499999999999914e-20
1.500000000000000000e+03 2.237430000000000059e-20
-----------------------

Townsend attach. coef. eta/N (m2)
-----------------------
1.000000000000000000e+00 8.028350000000000365e-41
1.152940000000000076e+00 6.889069999999999865e-41
1.611769999999999925e+00 4.758390000000000401e-41
2.376489999999999991e+00 3.029149999999999867e-41
3.447099999999999831e+00 1.918229999999999898e-41
4.823590000000000266e+00 1.263340000000000052e-41
6.505969999999999587e+00 8.836389999999999994e-42
8.494229999999999947e+00 6.548750000000000374e-42
1.078839999999999932e+01 5.081910000000000185e-42
1.338840000000000074e+01 2.125580000000000120e-31
1.629439999999999955e+01 1.331510000000000111e-29
1.950619999999999976e+01 3.100920000000000004e-28
2.302390000000000114e+01 3.423440000000000157e-27
2.684750000000000014e+01 2.206010000000000038e-26
3.097690000000000055e+01 9.609109999999999958e-26
3.541230000000000189e+01 3.115799999999999811e-25
4.015359999999999729e+01 8.078150000000000041e-25
4.520069999999999766e+01 1.757549999999999937e-24
5.055369999999999919e+01 3.329780000000000068e-24
5.621260000000000190e+01 5.632790000000000095e-24
6.217739999999999867e+01 8.682829999999999651e-24
6.844809999999999661e+01 1.237829999999999976e-23
7.502469999999999573e+01 1.652330000000000143e-23
8.190720000000000312e+01 2.086609999999999979e-23
8.909550000000000125e+01 2.513560000000000046e-23
9.658969999999999345e+01 2.910999999999999803e-23
1.043900000000000006e+02 3.262510000000000157e-23
1.124959999999999951e+02 3.558910000000000273e-23
1.209080000000000013e+02 3.796810000000000096e-23
1.296260000000000048e+02 3.977569999999999988e-23
1.386490000000000009e+02 4.105709999999999827e-23
1.479790000000000134e+02 4.187279999999999973e-23
1.576140000000000043e+02 4.229180000000000203e-23
1.675560000000000116e+02 4.237649999999999766e-23
1.778029999999999973e+02 4.219020000000000011e-23
1.883559999999999945e+02 4.178710000000000098e-23
1.992150000000000034e+02 4.121489999999999801e-23
2.103799999999999955e+02 4.051230000000000202e-23
2.218509999999999991e+02 3.971290000000000263e-23
2.336270000000000095e+02 3.884360000000000206e-23
2.457100000000000080e+02 3.792700000000000263e-23
2.580980000000000132e+02 3.697969999999999971e-23
2.707919999999999732e+02 3.601639999999999978e-23
2.837930000000000064e+02 3.504830000000000133e-23
2.970989999999999895e+02 3.408399999999999827e-23
3.107110000000000127e+02 3.313050000000000069e-23
3.246290000000000191e+02 3.219230000000000206e-23
3.388519999999999754e+02 3.127370000000000228e-23
3.533820000000000050e+02 3.037730000000000004e-23
3.682180000000000177e+02 2.950550000000000049e-23
3.833589999999999804e+02 2.865900000000000169e-23
3.988059999999999832e+02 2.783880000000000089e-23
4.145590000000000259e+02 2.704540000000000259e-23
4.306190000000000282e+02 2.627870000000000118e-23
4.469830000000000041e+02 2.553899999999999877e-23
4.636539999999999964e+02 2.482509999999999868e-23
4.806309999999999718e+02 2.413710000000000063e-23
4.979139999999999873e+02 2.347420000000000094e-23
5.155019999999999527e+02 2.283569999999999862e-23
5.333970000000000482e+02 2.222110000000000091e-23
5.515969999999999800e+02 2.162909999999999965e-23
5.701029999999999518e+02 2.105929999999999887e-23
5.889149999999999636e+02 2.051090000000000079e-23
6.080330000000000155e+02 1.998289999999999935e-23
6.274569999999999936e+02 1.947469999999999913e-23
6.471870000000000118e+02 1.898559999999999914e-23
6.672219999999999800e+02 1.851449999999999947e-23
6.875639999999999645e+02 1.806089999999999855e-23
7.082110000000000127e+02 1.762399999999999859e-23
7.291639999999999873e+02 1.720320000000000125e-23
7.504239999999999782e+02 1.679779999999999964e-23
7.719890000000000327e+02 1.640709999999999864e-23
7.938600000000000136e+02 1.603059999999999961e-23
8.160359999999999445e+02 1.566749999999999889e-23
8.385190000000000055e+02 1.531750000000000025e-23
8.613079999999999927e+02 1.497980000000000001e-23
8.844020000000000437e+02 1.465409999999999901e-23
9.078029999999999973e+02 1.433989999999999861e-23
9.315090000000000146e+02 1.403650000000000076e-23
9.555209999999999582e+02 1.374350000000000067e-23
9.798390000000000555e+02 1.346059999999999917e-23
1.004460000000000036e+03 1.318730000000000059e-23
1.029390000000000100e+03 1.292320000000000014e-23
1.054630000000000109e+03 1.266800000000000013e-23
1.080170000000000073e+03 1.242130000000000019e-23
1.106019999999999982e+03 1.218269999999999994e-23
1.132170000000000073e+03 1.195190000000000023e-23
1.158630000000000109e+03 1.172860000000000040e-23
1.185400000000000091e+03 1.151249999999999982e-23
1.212470000000000027e+03 1.130329999999999931e-23
1.239839999999999918e+03 1.110069999999999970e-23
1.267529999999999973e+03 1.090450000000000007e-23
1.295509999999999991e+03 1.071449999999999951e-23
1.323809999999999945e+03 1.053030000000000058e-23
1.352410000000000082e+03 1.035180000000000063e-23
1.381319999999999936e+03 1.017870000000000048e-23
1.410529999999999973e+03 1.001090000000000040e-23
1.440049999999999955e+03 9.848180000000000714e-24
1.469869999999999891e+03 9.690270000000000399e-24
1.500000000000000000e+03 9.537040000000000107e-24
-----------------------

Three-body attachment rate (m6/s)
-----------------------
1.000000000000000000e+00 2.450370999999999947e-42
1.152940000000000076e+00 2.308817999999999760e-42
1.611769999999999925e+00 1.967714999999999914e-42
2.376489999999999991e+00 1.544695999999999963e-42
3.447099999999999831e+00 1.148358000000000008e-42
4.823590000000000266e+00 8.677062999999998670e-43
6.505969999999999587e+00 6.983717000000000155e-43
8.494229999999999947e+00 5.995058999999999364e-43
1.078839999999999932e+01 5.402057999999999695e-43
1.338840000000000074e+01 5.029763999999999524e-43
1.629439999999999955e+01 4.783999999999999877e-43
1.950619999999999976e+01 4.612624999999999465e-43
2.302390000000000114e+01 4.485306999999999691e-43
2.684750000000000014e+01 4.383840999999999684e-43
3.097690000000000055e+01 4.295876999999999522e-43
3.541230000000000189e+01 4.212317999999999627e-43
4.015359999999999729e+01 4.124867999999999664e-43
4.520069999999999766e+01 4.026334999999999794e-43
5.055369999999999919e+01 3.909633000000000020e-43
5.621260000000000190e+01 3.769907999999999856e-43
6.217739999999999867e+01 3.604647999999999515e-43
6.844809999999999661e+01 3.415155999999999979e-43
7.502469999999999573e+01 3.205656999999999857e-43
8.190720000000000312e+01 2.982682999999999818e-43
8.909550000000000125e+01 2.754494000000000025e-43
9.658969999999999345e+01 2.528360999999999831e-43
1.043900000000000006e+02 2.310657999999999681e-43
1.124959999999999951e+02 2.105697999999999536e-43
1.209080000000000013e+02 1.916398999999999661e-43
1.296260000000000048e+02 1.744162999999999915e-43
1.386490000000000009e+02 1.588873999999999879e-43
1.479790000000000134e+02 1.449992999999999896e-43
1.576140000000000043e+02 1.326259999999999924e-43
1.675560000000000116e+02 1.216550999999999901e-43
1.778029999999999973e+02 1.119284000000000105e-43
1.883559999999999945e+02 1.033047999999999834e-43
1.992150000000000034e+02 9.564098999999999107e-44
2.103799999999999955e+02 8.883550999999999676e-44
2.218509999999999991e+02 8.276990999999999888e-44
2.336270000000000095e+02 7.734912000000000131e-44
2.457100000000000080e+02 7.248442999999999845e-44
2.580980000000000132e+02 6.811574999999999200e-44
2.707919999999999732e+02 6.417497999999999518e-44
2.837930000000000064e+02 6.060786999999999443e-44
2.970989999999999895e+02 5.736859999999999656e-44
3.107110000000000127e+02 5.441825999999999493e-44
3.246290000000000191e+02 5.172105999999999777e-44
3.388519999999999754e+02 4.924833999999999431e-44
3.533820000000000050e+02 4.697460999999999553e-44
3.682180000000000177e+02 4.487473999999999423e-44
3.833589999999999804e+02 4.293582999999999848e-44
3.988059999999999832e+02 4.113828999999999436e-44
4.145590000000000259e+02 3.946743999999999803e-44
4.306190000000000282e+02 3.791061000000000042e-44
4.469830000000000041e+02 3.646005000000000100e-44
4.636539999999999964e+02 3.509882000000000183e-44
4.806309999999999718e+02 3.382239999999999957e-44
4.979139999999999873e+02 3.262292999999999650e-44
5.155019999999999527e+02 3.149369999999999375e-44
5.333970000000000482e+02 3.042560000000000092e-44
5.515969999999999800e+02 2.941951999999999901e-44
5.701029999999999518e+02 2.846773999999999762e-44
5.889149999999999636e+02 2.756579999999999867e-44
6.080330000000000155e+02 2.670984999999999539e-44
6.274569999999999936e+02 2.589644000000000116e-44
6.471870000000000118e+02 2.512428999999999826e-44
6.672219999999999800e+02 2.438670999999999954e-44
6.875639999999999645e+02 2.368328999999999639e-44
7.082110000000000127e+02 2.301161000000000049e-44
7.291639999999999873e+02 2.236955999999999844e-44
7.504239999999999782e+02 2.175520999999999762e-44
7.719890000000000327e+02 2.116728999999999859e-44
7.938600000000000136e+02 2.060313999999999695e-44
8.160359999999999445e+02 2.006183000000000070e-44
8.385190000000000055e+02 1.954204999999999943e-44
8.613079999999999927e+02 1.904247999999999929e-44
8.844020000000000437e+02 1.856197999999999980e-44
9.078029999999999973e+02 1.809950999999999933e-44
9.315090000000000146e+02 1.765402000000000031e-44
9.555209999999999582e+02 1.722463999999999859e-44
9.798390000000000555e+02 1.681049999999999998e-44
1.004460000000000036e+03 1.641079999999999900e-44
1.029390000000000100e+03 1.602484999999999980e-44
1.054630000000000109e+03 1.565192999999999896e-44
1.080170000000000073e+03 1.529289999999999976e-44
1.106019999999999982e+03 1.494411999999999891e-44
1.132170000000000073e+03 1.460658999999999952e-44
1.158630000000000109e+03 1.427979000000000078e-44
1.185400000000000091e+03 1.396321999999999863e-44
1.212470000000000027e+03 1.365643999999999928e-44
1.239839999999999918e+03 1.335899999999999808e-44
1.267529999999999973e+03 1.307048999999999888e-44
1.295509999999999991e+03 1.279011999999999956e-44
1.323809999999999945e+03 1.251840000000000008e-44
1.352410000000000082e+03 1.225451999999999906e-44
1.381319999999999936e+03 1.199818000000000003e-44
1.410529999999999973e+03 1.174907999999999909e-44
1.440049999999999955e+03 1.150690999999999889e-44
1.469869999999999891e+03 1.127143000000000077e-44
1.500000000000000000e+03 1.104235999999999884e-44
-----------------------

