gas_composition
-----------------------
N2 1.0
-----------------------

Mobility *N (1/m/V/s)
-----------------------
1.000000000000000000e+00 4.054019999999999772e+24
1.152940000000000076e+00 3.804810000000000203e+24
1.611769999999999925e+00 3.296829999999999963e+24
2.376489999999999991e+00 2.843139999999999907e+24
3.447099999999999831e+00 2.507720000000000233e+24
4.823590000000000266e+00 2.257370000000000014e+24
6.505969999999999587e+00 2.065079999999999868e+24
8.494229999999999947e+00 1.914869999999999898e+24
1.078839999999999932e+01 1.795769999999999888e+24
1.338840000000000074e+01 1.699989999999999923e+24
1.629439999999999955e+01 1.621580000000000106e+24
1.950619999999999976e+01 1.556419999999999923e+24
2.302390000000000114e+01 1.500809999999999934e+24
2.684750000000000014e+01 1.452250000000000081e+24
3.097690000000000055e+01 1.408900000000000074e+24
3.541230000000000189e+01 1.369209999999999905e+24
4.015359999999999729e+01 1.332310000000000074e+24
4.520069999999999766e+01 1.297620000000000020e+24
5.055369999999999919e+01 1.264490000000000077e+24
5.621260000000000190e+01 1.232880000000000105e+24
6.217739999999999867e+01 1.202730000000000027e+24
6.844809999999999661e+01 1.174150000000000028e+24
7.502469999999999573e+01 1.147059999999999961e+24
8.190720000000000312e+01 1.122030000000000017e+24
8.909550000000000125e+01 1.098940000000000043e+24
9.658969999999999345e+01 1.077870000000000051e+24
1.043900000000000006e+02 1.058599999999999939e+24
1.124959999999999951e+02 1.041060000000000066e+24
1.209080000000000013e+02 1.025160000000000048e+24
1.296260000000000048e+02 1.010480000000000021e+24
1.386490000000000009e+02 9.969200000000000357e+23
1.479790000000000134e+02 9.842260000000000456e+23
1.576140000000000043e+02 9.724029999999999678e+23
1.675560000000000116e+02 9.612329999999999893e+23
1.778029999999999973e+02 9.506109999999999761e+23
1.883559999999999945e+02 9.404180000000000540e+23
1.992150000000000034e+02 9.306760000000000451e+23
2.103799999999999955e+02 9.212929999999999484e+23
2.218509999999999991e+02 9.122320000000000566e+23
2.336270000000000095e+02 9.035029999999999353e+23
2.457100000000000080e+02 8.950040000000000178e+23
2.580980000000000132e+02 8.867590000000000128e+23
2.707919999999999732e+02 8.787540000000000456e+23
2.837930000000000064e+02 8.709570000000000574e+23
2.970989999999999895e+02 8.633940000000000456e+23
3.107110000000000127e+02 8.560359999999999822e+23
3.246290000000000191e+02 8.488730000000000333e+23
3.388519999999999754e+02 8.418969999999999830e+23
3.533820000000000050e+02 8.350949999999999667e+23
3.682180000000000177e+02 8.284669999999999845e+23
3.833589999999999804e+02 8.220039999999999444e+23
3.988059999999999832e+02 8.156970000000000228e+23
4.145590000000000259e+02 8.095469999999999615e+23
4.306190000000000282e+02 8.035319999999999381e+23
4.469830000000000041e+02 7.976580000000000142e+23
4.636539999999999964e+02 7.919149999999999531e+23
4.806309999999999718e+02 7.862979999999999722e+23
4.979139999999999873e+02 7.807979999999999796e+23
5.155019999999999527e+02 7.754190000000000160e+23
5.333970000000000482e+02 7.701529999999999997e+23
5.515969999999999800e+02 7.649950000000000139e+23
5.701029999999999518e+02 7.599410000000000176e+23
5.889149999999999636e+02 7.549839999999999392e+23
6.080330000000000155e+02 7.501259999999999334e+23
6.274569999999999936e+02 7.453619999999999491e+23
6.471870000000000118e+02 7.406889999999999557e+23
6.672219999999999800e+02 7.361030000000000464e+23
6.875639999999999645e+02 7.316010000000000564e+23
7.082110000000000127e+02 7.271799999999999549e+23
7.291639999999999873e+02 7.228410000000000207e+23
7.504239999999999782e+02 7.185799999999999444e+23
7.719890000000000327e+02 7.143939999999999638e+23
7.938600000000000136e+02 7.102819999999999345e+23
8.160359999999999445e+02 7.062389999999999394e+23
8.385190000000000055e+02 7.022700000000000299e+23
8.613079999999999927e+02 6.983700000000000204e+23
8.844020000000000437e+02 6.945370000000000249e+23
9.078029999999999973e+02 6.907700000000000330e+23
9.315090000000000146e+02 6.870680000000000346e+23
9.555209999999999582e+02 6.834290000000000092e+23
9.798390000000000555e+02 6.798590000000000181e+23
1.004460000000000036e+03 6.763440000000000524e+23
1.029390000000000100e+03 6.728890000000000291e+23
1.054630000000000109e+03 6.694939999999999481e+23
1.080170000000000073e+03 6.661570000000000574e+23
1.106019999999999982e+03 6.628779999999999544e+23
1.132170000000000073e+03 6.596550000000000212e+23
1.158630000000000109e+03 6.564749999999999908e+23
1.185400000000000091e+03 6.533639999999999948e+23
1.212470000000000027e+03 6.503070000000000139e+23
1.239839999999999918e+03 6.473040000000000482e+23
1.267529999999999973e+03 6.443529999999999431e+23
1.295509999999999991e+03 6.414549999999999772e+23
1.323809999999999945e+03 6.386069999999999856e+23
1.352410000000000082e+03 6.358069999999999478e+23
1.381319999999999936e+03 6.330600000000000493e+23
1.410529999999999973e+03 6.303629999999999908e+23
1.440049999999999955e+03 6.277140000000000204e+23
1.469869999999999891e+03 6.251140000000000142e+23
1.500000000000000000e+03 6.225599999999999413e+23
-----------------------

Townsend ioniz. coef. alpha/N (m2)
-----------------------
1.000000000000000000e+00 0.000000000000000000e+00
1.152940000000000076e+00 0.000000000000000000e+00
1.611769999999999925e+00 0.000000000000000000e+00
2.376489999999999991e+00 0.000000000000000000e+00
3.447099999999999831e+00 0.000000000000000000e+00
4.823590000000000266e+00 0.000000000000000000e+00
6.505969999999999587e+00 0.000000000000000000e+00
8.494229999999999947e+00 0.000000000000000000e+00
1.078839999999999932e+01 0.000000000000000000e+00
1.338840000000000074e+01 0.000000000000000000e+00
1.629439999999999955e+01 0.000000000000000000e+00
1.950619999999999976e+01 0.000000000000000000e+00
2.302390000000000114e+01 0.000000000000000000e+00
2.684750000000000014e+01 0.000000000000000000e+00
3.097690000000000055e+01 0.000000000000000000e+00
3.541230000000000189e+01 1.656159999999999988e-30
4.015359999999999729e+01 2.445069999999999911e-29
4.520069999999999766e+01 2.408949999999999793e-28
5.055369999999999919e+01 1.659379999999999936e-27
5.621260000000000190e+01 8.685980000000000090e-27
6.217739999999999867e+01 3.623780000000000039e-26
6.844809999999999661e+01 1.252429999999999934e-25
7.502469999999999573e+01 3.694099999999999918e-25
8.190720000000000312e+01 9.515379999999999819e-25
8.909550000000000125e+01 2.182830000000000055e-24
9.658969999999999345e+01 4.533260000000000003e-24
1.043900000000000006e+02 8.637239999999999900e-24
1.124959999999999951e+02 1.528399999999999860e-23
1.209080000000000013e+02 2.538439999999999902e-23
1.296260000000000048e+02 3.991530000000000279e-23
1.386490000000000009e+02 5.988930000000000024e-23
1.479790000000000134e+02 8.631319999999999476e-23
1.576140000000000043e+02 1.201459999999999981e-22
1.675560000000000116e+02 1.622859999999999898e-22
1.778029999999999973e+02 2.135700000000000128e-22
1.883559999999999945e+02 2.747370000000000040e-22
1.992150000000000034e+02 3.464419999999999907e-22
2.103799999999999955e+02 4.292550000000000466e-22
2.218509999999999991e+02 5.236479999999999985e-22
2.336270000000000095e+02 6.300159999999999559e-22
2.457100000000000080e+02 7.486329999999999626e-22
2.580980000000000132e+02 8.797289999999999955e-22
2.707919999999999732e+02 1.023409999999999997e-21
2.837930000000000064e+02 1.179790000000000077e-21
2.970989999999999895e+02 1.348810000000000091e-21
3.107110000000000127e+02 1.530420000000000037e-21
3.246290000000000191e+02 1.724500000000000058e-21
3.388519999999999754e+02 1.930840000000000027e-21
3.533820000000000050e+02 2.149209999999999967e-21
3.682180000000000177e+02 2.379379999999999902e-21
3.833589999999999804e+02 2.621029999999999962e-21
3.988059999999999832e+02 2.873820000000000050e-21
4.145590000000000259e+02 3.137350000000000140e-21
4.306190000000000282e+02 3.411480000000000149e-21
4.469830000000000041e+02 3.695509999999999656e-21
4.636539999999999964e+02 3.989219999999999926e-21
4.806309999999999718e+02 4.292169999999999728e-21
4.979139999999999873e+02 4.603870000000000271e-21
5.155019999999999527e+02 4.924200000000000195e-21
5.333970000000000482e+02 5.252459999999999830e-21
5.515969999999999800e+02 5.588340000000000174e-21
5.701029999999999518e+02 5.931449999999999809e-21
5.889149999999999636e+02 6.281200000000000315e-21
6.080330000000000155e+02 6.637720000000000160e-21
6.274569999999999936e+02 7.000090000000000186e-21
6.471870000000000118e+02 7.368209999999999260e-21
6.672219999999999800e+02 7.741639999999999911e-21
6.875639999999999645e+02 8.120039999999999786e-21
7.082110000000000127e+02 8.502900000000000620e-21
7.291639999999999873e+02 8.890330000000000653e-21
7.504239999999999782e+02 9.281529999999999833e-21
7.719890000000000327e+02 9.676400000000000036e-21
7.938600000000000136e+02 1.007460000000000041e-20
8.160359999999999445e+02 1.047559999999999946e-20
8.385190000000000055e+02 1.087940000000000019e-20
8.613079999999999927e+02 1.128580000000000033e-20
8.844020000000000437e+02 1.169420000000000060e-20
9.078029999999999973e+02 1.210459999999999949e-20
9.315090000000000146e+02 1.251650000000000036e-20
9.555209999999999582e+02 1.292980000000000056e-20
9.798390000000000555e+02 1.334400000000000045e-20
1.004460000000000036e+03 1.375920000000000114e-20
1.029390000000000100e+03 1.417509999999999926e-20
1.054630000000000109e+03 1.459130000000000077e-20
1.080170000000000073e+03 1.500769999999999854e-20
1.106019999999999982e+03 1.542409999999999931e-20
1.132170000000000073e+03 1.584030000000000083e-20
1.158630000000000109e+03 1.625589999999999854e-20
1.185400000000000091e+03 1.667099999999999961e-20
1.212470000000000027e+03 1.708519999999999949e-20
1.239839999999999918e+03 1.749850000000000120e-20
1.267529999999999973e+03 1.791050000000000019e-20
1.295509999999999991e+03 1.832130000000000062e-20
1.323809999999999945e+03 1.873050000000000093e-20
1.352410000000000082e+03 1.913800000000000002e-20
1.381319999999999936e+03 1.954369999999999974e-20
1.410529999999999973e+03 1.994749999999999897e-20
1.440049999999999955e+03 2.034920000000000144e-20
1.469869999999999891e+03 2.074870000000000002e-20
1.500000000000000000e+03 2.114580000000000146e-20
-----------------------

Townsend attach. coef. eta/N (m2)
-----------------------
1.000000000000000000e+00 0.000000000000000000e+00
1.152940000000000076e+00 0.000000000000000000e+00
1.611769999999999925e+00 0.000000000000000000e+00
2.376489999999999991e+00 0.000000000000000000e+00
3.447099999999999831e+00 0.000000000000000000e+00
4.823590000000000266e+00 0.000000000000000000e+00
6.505969999999999587e+00 0.000000000000000000e+00
8.494229999999999947e+00 0.000000000000000000e+00
1.078839999999999932e+01 0.000000000000000000e+00
1.338840000000000074e+01 0.000000000000000000e+00
1.629439999999999955e+01 0.000000000000000000e+00
1.950619999999999976e+01 0.000000000000000000e+00
2.302390000000000114e+01 0.000000000000000000e+00
2.684750000000000014e+01 0.000000000000000000e+00
3.097690000000000055e+01 0.000000000000000000e+00
3.541230000000000189e+01 0.000000000000000000e+00
4.015359999999999729e+01 0.000000000000000000e+00
4.520069999999999766e+01 0.000000000000000000e+00
5.055369999999999919e+01 0.000000000000000000e+00
5.621260000000000190e+01 0.000000000000000000e+00
6.217739999999999867e+01 0.000000000000000000e+00
6.844809999999999661e+01 0.000000000000000000e+00
7.502469999999999573e+01 0.000000000000000000e+00
8.190720000000000312e+01 0.000000000000000000e+00
8.909550000000000125e+01 0.000000000000000000e+00
9.658969999999999345e+01 0.000000000000000000e+00
1.043900000000000006e+02 0.000000000000000000e+00
1.124959999999999951e+02 0.000000000000000000e+00
1.209080000000000013e+02 0.000000000000000000e+00
1.296260000000000048e+02 0.000000000000000000e+00
1.386490000000000009e+02 0.000000000000000000e+00
1.479790000000000134e+02 0.000000000000000000e+00
1.576140000000000043e+02 0.000000000000000000e+00
1.675560000000000116e+02 0.000000000000000000e+00
1.778029999999999973e+02 0.000000000000000000e+00
1.883559999999999945e+02 0.000000000000000000e+00
1.992150000000000034e+02 0.000000000000000000e+00
2.103799999999999955e+02 0.000000000000000000e+00
2.218509999999999991e+02 0.000000000000000000e+00
2.336270000000000095e+02 0.000000000000000000e+00
2.457100000000000080e+02 0.000000000000000000e+00
2.580980000000000132e+02 0.000000000000000000e+00
2.707919999999999732e+02 0.000000000000000000e+00
2.837930000000000064e+02 0.000000000000000000e+00
2.970989999999999895e+02 0.000000000000000000e+00
3.107110000000000127e+02 0.000000000000000000e+00
3.246290000000000191e+02 0.000000000000000000e+00
3.388519999999999754e+02 0.000000000000000000e+00
3.533820000000000050e+02 0.000000000000000000e+00
3.682180000000000177e+02 0.000000000000000000e+00
3.833589999999999804e+02 0.000000000000000000e+00
3.988059999999999832e+02 0.000000000000000000e+00
4.145590000000000259e+02 0.000000000000000000e+00
4.306190000000000282e+02 0.000000000000000000e+00
4.469830000000000041e+02 0.000000000000000000e+00
4.636539999999999964e+02 0.000000000000000000e+00
4.806309999999999718e+02 0.000000000000000000e+00
4.979139999999999873e+02 0.000000000000000000e+00
5.155019999999999527e+02 0.000000000000000000e+00
5.333970000000000482e+02 0.000000000000000000e+00
5.515969999999999800e+02 0.000000000000000000e+00
5.701029999999999518e+02 0.000000000000000000e+00
5.889149999999999636e+02 0.000000000000000000e+00
6.080330000000000155e+02 0.000000000000000000e+00
6.274569999999999936e+02 0.000000000000000000e+00
6.471870000000000118e+02 0.000000000000000000e+00
6.672219999999999800e+02 0.000000000000000000e+00
6.875639999999999645e+02 0.000000000000000000e+00
7.082110000000000127e+02 0.000000000000000000e+00
7.291639999999999873e+02 0.000000000000000000e+00
7.504239999999999782e+02 0.000000000000000000e+00
7.719890000000000327e+02 0.000000000000000000e+00
7.938600000000000136e+02 0.000000000000000000e+00
8.160359999999999445e+02 0.000000000000000000e+00
8.385190000000000055e+02 0.000000000000000000e+00
8.613079999999999927e+02 0.000000000000000000e+00
8.844020000000000437e+02 0.000000000000000000e+00
9.078029999999999973e+02 0.000000000000000000e+00
9.315090000000000146e+02 0.000000000000000000e+00
9.555209999999999582e+02 0.000000000000000000e+00
9.798390000000000555e+02 0.000000000000000000e+00
1.004460000000000036e+03 0.000000000000000000e+00
1.029390000000000100e+03 0.000000000000000000e+00
1.054630000000000109e+03 0.000000000000000000e+00
1.080170000000000073e+03 0.000000000000000000e+00
1.106019999999999982e+03 0.000000000000000000e+00
1.132170000000000073e+03 0.000000000000000000e+00
1.158630000000000109e+03 0.000000000000000000e+00
1.185400000000000091e+03 0.000000000000000000e+00
1.212470000000000027e+03 0.000000000000000000e+00
1.239839999999999918e+03 0.000000000000000000e+00
1.267529999999999973e+03 0.000000000000000000e+00
1.295509999999999991e+03 0.000000000000000000e+00
1.323809999999999945e+03 0.000000000000000000e+00
1.352410000000000082e+03 0.000000000000000000e+00
1.381319999999999936e+03 0.000000000000000000e+00
1.410529999999999973e+03 0.000000000000000000e+00
1.440049999999999955e+03 0.000000000000000000e+00
1.469869999999999891e+03 0.000000000000000000e+00
1.500000000000000000e+03 0.000000000000000000e+00
-----------------------

Three-body attachment rate (m6/s)
-----------------------
1.000000000000000000e+00 0.000000000000000000e+00
1.152940000000000076e+00 0.000000000000000000e+00
1.611769999999999925e+00 0.000000000000000000e+00
2.376489999999999991e+00 0.000000000000000000e+00
3.447099999999999831e+00 0.000000000000000000e+00
4.823590000000000266e+00 0.000000000000000000e+00
6.505969999999999587e+00 0.000000000000000000e+00
8.494229999999999947e+00 0.000000000000000000e+00
1.078839999999999932e+01 0.000000000000000000e+00
1.338840000000000074e+01 0.000000000000000000e+00
1.629439999999999955e+01 0.000000000000000000e+00
1.950619999999999976e+01 0.000000000000000000e+00
2.302390000000000114e+01 0.000000000000000000e+00
2.684750000000000014e+01 0.000000000000000000e+00
3.097690000000000055e+01 0.000000000000000000e+00
3.541230000000000189e+01 0.000000000000000000e+00
4.015359999999999729e+01 0.000000000000000000e+00
4.520069999999999766e+01 0.000000000000000000e+00
5.055369999999999919e+01 0.000000000000000000e+00
5.621260000000000190e+01 0.000000000000000000e+00
6.217739999999999867e+01 0.000000000000000000e+00
6.844809999999999661e+01 0.000000000000000000e+00
7.502469999999999573e+01 0.000000000000000000e+00
8.190720000000000312e+01 0.000000000000000000e+00
8.909550000000000125e+01 0.000000000000000000e+00
9.658969999999999345e+01 0.000000000000000000e+00
1.043900000000000006e+02 0.000000000000000000e+00
1.124959999999999951e+02 0.000000000000000000e+00
1.209080000000000013e+02 0.000000000000000000e+00
1.296260000000000048e+02 0.000000000000000000e+00
1.386490000000000009e+02 0.000000000000000000e+00
1.479790000000000134e+02 0.000000000000000000e+00
1.576140000000000043e+02 0.000000000000000000e+00
1.675560000000000116e+02 0.000000000000000000e+00
1.778029999999999973e+02 0.000000000000000000e+00
1.883559999999999945e+02 0.000000000000000000e+00
1.992150000000000034e+02 0.000000000000000000e+00
2.103799999999999955e+02 0.000000000000000000e+00
2.218509999999999991e+02 0.000000000000000000e+00
2.336270000000000095e+02 0.000000000000000000e+00
2.457100000000000080e+02 0.000000000000000000e+00
2.580980000000000132e+02 0.000000000000000000e+00
2.707919999999999732e+02 0.000000000000000000e+00
2.837930000000000064e+02 0.000000000000000000e+00
2.970989999999999895e+02 0.000000000000000000e+00
3.107110000000000127e+02 0.000000000000000000e+00
3.246290000000000191e+02 0.000000000000000000e+00
3.388519999999999754e+02 0.000000000000000000e+00
3.533820000000000050e+02 0.000000000000000000e+00
3.682180000000000177e+02 0.000000000000000000e+00
3.833589999999999804e+02 0.000000000000000000e+00
3.988059999999999832e+02 0.000000000000000000e+00
4.145590000000000259e+02 0.000000000000000000e+00
4.306190000000000282e+02 0.000000000000000000e+00
4.469830000000000041e+02 0.000000000000000000e+00
4.636539999999999964e+02 0.000000000000000000e+00
4.806309999999999718e+02 0.000000000000000000e+00
4.979139999999999873e+02 0.000000000000000000e+00
5.155019999999999527e+02 0.000000000000000000e+00
5.333970000000000482e+02 0.000000000000000000e+00
5.515969999999999800e+02 0.000000000000000000e+00
5.701029999999999518e+02 0.000000000000000000e+00
5.889149999999999636e+02 0.000000000000000000e+00
6.080330000000000155e+02 0.000000000000000000e+00
6.274569999999999936e+02 0.000000000000000000e+00
6.471870000000000118e+02 0.000000000000000000e+00
6.672219999999999800e+02 0.000000000000000000e+00
6.875639999999999645e+02 0.000000000000000000e+00
7.082110000000000127e+02 0.000000000000000000e+00
7.291639999999999873e+02 0.000000000000000000e+00
7.504239999999999782e+02 0.000000000000000000e+00
7.719890000000000327e+02 0.000000000000000000e+00
7.938600000000000136e+02 0.000000000000000000e+00
8.160359999999999445e+02 0.000000000000000000e+00
8.385190000000000055e+02 0.000000000000000000e+00
8.613079999999999927e+02 0.000000000000000000e+00
8.844020000000000437e+02 0.000000000000000000e+00
9.078029999999999973e+02 0.000000000000000000e+00
9.315090000000000146e+02 0.000000000000000000e+00
9.555209999999999582e+02 0.000000000000000000e+00
9.798390000000000555e+02 0.000000000000000000e+00
1.004460000000000036e+03 0.000000000000000000e+00
1.029390000000000100e+03 0.000000000000000000e+00
1.054630000000000109e+03 0.000000000000000000e+00
1.080170000000000073e+03 0.000000000000000000e+00
1.106019999999999982e+03 0.000000000000000000e+00
1.132170000000000073e+03 0.000000000000000000e+00
1.158630000000000109e+03 0.000000000000000000e+00
1.185400000000000091e+03 0.000000000000000000e+00
1.212470000000000027e+03 0.000000000000000000e+00
1.239839999999999918e+03 0.000000000000000000e+00
1.267529999999999973e+03 0.000000000000000000e+00
1.295509999999999991e+03 0.000000000000000000e+00
1.323809999999999945e+03 0.000000000000000000e+00
1.352410000000000082e+03 0.000000000000000000e+00
1.381319999999999936e+03 0.000000000000000000e+00
1.410529999999999973e+03 0.000000000000000000e+00
1.440049999999999955e+03 0.000000000000000000e+00
1.469869999999999891e+03 0.000000000000000000e+00
1.500000000000000000e+03 0.000000000000000000e+00
-----------------------

