gas_composition
-----------------------
N2 1.0
-----------------------

Mobility *N (1/m/V/s)
-----------------------
1.000000000000000000e+00 3.899680000000000260e+24
1.152940000000000076e+00 3.653269999999999789e+24
1.611769999999999925e+00 3.167540000000000196e+24
2.376489999999999991e+00 2.743530000000000245e+24
3.447099999999999831e+00 2.426750000000000013e+24
4.823590000000000266e+00 2.183449999999999930e+24
6.505969999999999587e+00 1.992550000000000036e+24
8.494229999999999947e+00 1.843290000000000115e+24
1.078839999999999932e+01 1.726970000000000073e+24
1.338840000000000074e+01 1.635760000000000122e+24
1.629439999999999955e+01 1.563180000000000047e+24
1.950619999999999976e+01 1.504279999999999977e+24
2.302390000000000114e+01 1.455030000000000049e+24
2.684750000000000014e+01 1.412580000000000116e+24
3.097690000000000055e+01 1.374850000000000121e+24
3.541230000000000189e+01 1.340260000000000016e+24
4.015359999999999729e+01 1.307970000000000071e+24
4.520069999999999766e+01 1.277280000000000109e+24
5.055369999999999919e+01 1.247810000000000004e+24
5.621260000000000190e+01 1.219449999999999972e+24
6.217739999999999867e+01 1.192030000000000021e+24
6.844809999999999661e+01 1.166010000000000023e+24
7.502469999999999573e+01 1.141439999999999950e+24
8.190720000000000312e+01 1.118370000000000046e+24
8.909550000000000125e+01 1.096970000000000035e+24
9.658969999999999345e+01 1.077240000000000052e+24
1.043900000000000006e+02 1.059210000000000002e+24
1.124959999999999951e+02 1.042729999999999960e+24
1.209080000000000013e+02 1.027690000000000010e+24
1.296260000000000048e+02 1.013790000000000038e+24
1.386490000000000009e+02 1.000919999999999994e+24
1.479790000000000134e+02 9.889000000000000493e+23
1.576140000000000043e+02 9.775970000000000532e+23
1.675560000000000116e+02 9.668930000000000071e+23
1.778029999999999973e+02 9.566899999999999827e+23
1.883559999999999945e+02 9.469089999999999777e+23
1.992150000000000034e+02 9.374959999999999769e+23
2.103799999999999955e+02 9.283969999999999651e+23
2.218509999999999991e+02 9.195830000000000485e+23
2.336270000000000095e+02 9.110250000000000647e+23
2.457100000000000080e+02 9.026909999999999552e+23
2.580980000000000132e+02 8.945880000000000598e+23
2.707919999999999732e+02 8.866899999999999785e+23
2.837930000000000064e+02 8.789860000000000016e+23
2.970989999999999895e+02 8.714770000000000050e+23
3.107110000000000127e+02 8.641310000000000642e+23
3.246290000000000191e+02 8.569539999999999722e+23
3.388519999999999754e+02 8.499380000000000498e+23
3.533820000000000050e+02 8.430560000000000210e+23
3.682180000000000177e+02 8.363490000000000364e+23
3.833589999999999804e+02 8.297889999999999442e+23
3.988059999999999832e+02 8.233699999999999512e+23
4.145590000000000259e+02 8.170870000000000066e+23
4.306190000000000282e+02 8.109409999999999861e+23
4.469830000000000041e+02 8.049149999999999845e+23
4.636539999999999964e+02 7.990140000000000530e+23
4.806309999999999718e+02 7.932319999999999958e+23
4.979139999999999873e+02 7.875660000000000509e+23
5.155019999999999527e+02 7.820130000000000532e+23
5.333970000000000482e+02 7.765689999999999620e+23
5.515969999999999800e+02 7.712330000000000354e+23
5.701029999999999518e+02 7.659989999999999436e+23
5.889149999999999636e+02 7.608649999999999347e+23
6.080330000000000155e+02 7.558149999999999793e+23
6.274569999999999936e+02 7.508730000000000543e+23
6.471870000000000118e+02 7.460250000000000165e+23
6.672219999999999800e+02 7.412669999999999594e+23
6.875639999999999645e+02 7.365969999999999966e+23
7.082110000000000127e+02 7.320160000000000042e+23
7.291639999999999873e+02 7.275150000000000244e+23
7.504239999999999782e+02 7.230949999999999332e+23
7.719890000000000327e+02 7.187559999999999990e+23
7.938600000000000136e+02 7.144960000000000671e+23
8.160359999999999445e+02 7.103129999999999830e+23
8.385190000000000055e+02 7.061940000000000163e+23
8.613079999999999927e+02 7.021599999999999790e+23
8.844020000000000437e+02 6.981990000000000170e+23
9.078029999999999973e+02 6.943079999999999654e+23
9.315090000000000146e+02 6.904869999999999583e+23
9.555209999999999582e+02 6.867349999999999856e+23
9.798390000000000555e+02 6.830510000000000370e+23
1.004460000000000036e+03 6.794439999999999360e+23
1.029390000000000100e+03 6.758899999999999743e+23
1.054630000000000109e+03 6.723999999999999958e+23
1.080170000000000073e+03 6.689729999999999903e+23
1.106019999999999982e+03 6.656079999999999476e+23
1.132170000000000073e+03 6.623039999999999916e+23
1.158630000000000109e+03 6.590589999999999678e+23
1.185400000000000091e+03 6.558659999999999387e+23
1.212470000000000027e+03 6.527390000000000474e+23
1.239839999999999918e+03 6.496699999999999439e+23
1.267529999999999973e+03 6.466570000000000102e+23
1.295509999999999991e+03 6.436999999999999780e+23
1.323809999999999945e+03 6.407969999999999609e+23
1.352410000000000082e+03 6.379479999999999591e+23
1.381319999999999936e+03 6.351490000000000658e+23
1.410529999999999973e+03 6.324050000000000637e+23
1.440049999999999955e+03 6.297130000000000564e+23
1.469869999999999891e+03 6.270710000000000233e+23
1.500000000000000000e+03 6.244789999999999646e+23
-----------------------

Townsend ioniz. coef. alpha/N (m2)
-----------------------
1.000000000000000000e+00 0.000000000000000000e+00
1.152940000000000076e+00 0.000000000000000000e+00
1.611769999999999925e+00 0.000000000000000000e+00
2.376489999999999991e+00 0.000000000000000000e+00
3.447099999999999831e+00 0.000000000000000000e+00
4.823590000000000266e+00 0.000000000000000000e+00
6.505969999999999587e+00 0.000000000000000000e+00
8.494229999999999947e+00 0.000000000000000000e+00
1.078839999999999932e+01 0.000000000000000000e+00
1.338840000000000074e+01 0.000000000000000000e+00
1.629439999999999955e+01 0.000000000000000000e+00
1.950619999999999976e+01 0.000000000000000000e+00
2.302390000000000114e+01 0.000000000000000000e+00
2.684750000000000014e+01 0.000000000000000000e+00
3.097690000000000055e+01 0.000000000000000000e+00
3.541230000000000189e+01 8.799699999999999884e-31
4.015359999999999729e+01 1.369349999999999886e-29
4.520069999999999766e+01 1.403379999999999959e-28
5.055369999999999919e+01 1.003610000000000059e-27
5.621260000000000190e+01 5.419729999999999724e-27
6.217739999999999867e+01 2.326109999999999973e-26
6.844809999999999661e+01 8.231179999999999920e-26
7.502469999999999573e+01 2.478179999999999908e-25
8.190720000000000312e+01 6.499270000000000250e-25
8.909550000000000125e+01 1.515219999999999989e-24
9.658969999999999345e+01 3.193419999999999830e-24
1.043900000000000006e+02 6.170189999999999859e-24
1.124959999999999951e+02 1.106459999999999935e-23
1.209080000000000013e+02 1.861279999999999873e-23
1.296260000000000048e+02 2.963359999999999985e-23
1.386490000000000009e+02 4.500429999999999738e-23
1.479790000000000134e+02 6.562659999999999951e-23
1.576140000000000043e+02 9.241669999999999501e-23
1.675560000000000116e+02 1.262290000000000079e-22
1.778029999999999973e+02 1.679109999999999931e-22
1.883559999999999945e+02 2.182650000000000184e-22
1.992150000000000034e+02 2.780120000000000232e-22
2.103799999999999955e+02 3.478279999999999769e-22
2.218509999999999991e+02 4.283089999999999755e-22
2.336270000000000095e+02 5.199740000000000217e-22
2.457100000000000080e+02 6.232699999999999879e-22
2.580980000000000132e+02 7.385560000000000358e-22
2.707919999999999732e+02 8.661310000000000226e-22
2.837930000000000064e+02 1.006180000000000073e-21
2.970989999999999895e+02 1.158909999999999922e-21
3.107110000000000127e+02 1.324319999999999971e-21
3.246290000000000191e+02 1.502460000000000036e-21
3.388519999999999754e+02 1.693249999999999961e-21
3.533820000000000050e+02 1.896530000000000000e-21
3.682180000000000177e+02 2.112300000000000152e-21
3.833589999999999804e+02 2.340190000000000168e-21
3.988059999999999832e+02 2.580000000000000036e-21
4.145590000000000259e+02 2.831430000000000113e-21
4.306190000000000282e+02 3.094079999999999997e-21
4.469830000000000041e+02 3.367860000000000172e-21
4.636539999999999964e+02 3.652179999999999960e-21
4.806309999999999718e+02 3.946729999999999983e-21
4.979139999999999873e+02 4.251110000000000213e-21
5.155019999999999527e+02 4.564849999999999833e-21
5.333970000000000482e+02 4.887800000000000148e-21
5.515969999999999800e+02 5.219270000000000099e-21
5.701029999999999518e+02 5.558939999999999818e-21
5.889149999999999636e+02 5.906410000000000029e-21
6.080330000000000155e+02 6.261079999999999945e-21
6.274569999999999936e+02 6.623080000000000286e-21
6.471870000000000118e+02 6.991460000000000054e-21
6.672219999999999800e+02 7.366089999999999276e-21
6.875639999999999645e+02 7.746529999999999731e-21
7.082110000000000127e+02 8.132249999999999919e-21
7.291639999999999873e+02 8.523239999999999726e-21
7.504239999999999782e+02 8.918999999999999496e-21
7.719890000000000327e+02 9.318960000000000284e-21
7.938600000000000136e+02 9.722980000000000501e-21
8.160359999999999445e+02 1.013070000000000058e-20
8.385190000000000055e+02 1.054149999999999949e-20
8.613079999999999927e+02 1.095550000000000012e-20
8.844020000000000437e+02 1.137229999999999941e-20
9.078029999999999973e+02 1.179150000000000036e-20
9.315090000000000146e+02 1.221290000000000070e-20
9.555209999999999582e+02 1.263610000000000041e-20
9.798390000000000555e+02 1.306080000000000058e-20
1.004460000000000036e+03 1.348669999999999932e-20
1.029390000000000100e+03 1.391380000000000115e-20
1.054630000000000109e+03 1.434170000000000002e-20
1.080170000000000073e+03 1.477009999999999854e-20
1.106019999999999982e+03 1.519880000000000047e-20
1.132170000000000073e+03 1.562760000000000053e-20
1.158630000000000109e+03 1.605640000000000059e-20
1.185400000000000091e+03 1.648470000000000099e-20
1.212470000000000027e+03 1.691249999999999872e-20
1.239839999999999918e+03 1.733960000000000055e-20
1.267529999999999973e+03 1.776570000000000006e-20
1.295509999999999991e+03 1.819080000000000026e-20
1.323809999999999945e+03 1.861460000000000075e-20
1.352410000000000082e+03 1.903689999999999926e-20
1.381319999999999936e+03 1.945749999999999955e-20
1.410529999999999973e+03 1.987639999999999860e-20
1.440049999999999955e+03 2.029340000000000017e-20
1.469869999999999891e+03 2.070840000000000010e-20
1.500000000000000000e+03 2.112110000000000102e-20
-----------------------

Townsend attach. coef. eta/N (m2)
-----------------------
1.000000000000000000e+00 0.000000000000000000e+00
1.152940000000000076e+00 0.000000000000000000e+00
1.611769999999999925e+00 0.000000000000000000e+00
2.376489999999999991e+00 0.000000000000000000e+00
3.447099999999999831e+00 0.000000000000000000e+00
4.823590000000000266e+00 0.000000000000000000e+00
6.505969999999999587e+00 0.000000000000000000e+00
8.494229999999999947e+00 0.000000000000000000e+00
1.078839999999999932e+01 0.000000000000000000e+00
1.338840000000000074e+01 0.000000000000000000e+00
1.629439999999999955e+01 0.000000000000000000e+00
1.950619999999999976e+01 0.000000000000000000e+00
2.302390000000000114e+01 0.000000000000000000e+00
2.684750000000000014e+01 0.000000000000000000e+00
3.097690000000000055e+01 0.000000000000000000e+00
3.541230000000000189e+01 0.000000000000000000e+00
4.015359999999999729e+01 0.000000000000000000e+00
4.520069999999999766e+01 0.000000000000000000e+00
5.055369999999999919e+01 0.000000000000000000e+00
5.621260000000000190e+01 0.000000000000000000e+00
6.217739999999999867e+01 0.000000000000000000e+00
6.844809999999999661e+01 0.000000000000000000e+00
7.502469999999999573e+01 0.000000000000000000e+00
8.190720000000000312e+01 0.000000000000000000e+00
8.909550000000000125e+01 0.000000000000000000e+00
9.658969999999999345e+01 0.000000000000000000e+00
1.043900000000000006e+02 0.000000000000000000e+00
1.124959999999999951e+02 0.000000000000000000e+00
1.209080000000000013e+02 0.000000000000000000e+00
1.296260000000000048e+02 0.000000000000000000e+00
1.386490000000000009e+02 0.000000000000000000e+00
1.479790000000000134e+02 0.000000000000000000e+00
1.576140000000000043e+02 0.000000000000000000e+00
1.675560000000000116e+02 0.000000000000000000e+00
1.778029999999999973e+02 0.000000000000000000e+00
1.883559999999999945e+02 0.000000000000000000e+00
1.992150000000000034e+02 0.000000000000000000e+00
2.103799999999999955e+02 0.000000000000000000e+00
2.218509999999999991e+02 0.000000000000000000e+00
2.336270000000000095e+02 0.000000000000000000e+00
2.457100000000000080e+02 0.000000000000000000e+00
2.580980000000000132e+02 0.000000000000000000e+00
2.707919999999999732e+02 0.000000000000000000e+00
2.837930000000000064e+02 0.000000000000000000e+00
2.970989999999999895e+02 0.000000000000000000e+00
3.107110000000000127e+02 0.000000000000000000e+00
3.246290000000000191e+02 0.000000000000000000e+00
3.388519999999999754e+02 0.000000000000000000e+00
3.533820000000000050e+02 0.000000000000000000e+00
3.682180000000000177e+02 0.000000000000000000e+00
3.833589999999999804e+02 0.000000000000000000e+00
3.988059999999999832e+02 0.000000000000000000e+00
4.145590000000000259e+02 0.000000000000000000e+00
4.306190000000000282e+02 0.000000000000000000e+00
4.469830000000000041e+02 0.000000000000000000e+00
4.636539999999999964e+02 0.000000000000000000e+00
4.806309999999999718e+02 0.000000000000000000e+00
4.979139999999999873e+02 0.000000000000000000e+00
5.155019999999999527e+02 0.000000000000000000e+00
5.333970000000000482e+02 0.000000000000000000e+00
5.515969999999999800e+02 0.000000000000000000e+00
5.701029999999999518e+02 0.000000000000000000e+00
5.889149999999999636e+02 0.000000000000000000e+00
6.080330000000000155e+02 0.000000000000000000e+00
6.274569999999999936e+02 0.000000000000000000e+00
6.471870000000000118e+02 0.000000000000000000e+00
6.672219999999999800e+02 0.000000000000000000e+00
6.875639999999999645e+02 0.000000000000000000e+00
7.082110000000000127e+02 0.000000000000000000e+00
7.291639999999999873e+02 0.000000000000000000e+00
7.504239999999999782e+02 0.000000000000000000e+00
7.719890000000000327e+02 0.000000000000000000e+00
7.938600000000000136e+02 0.000000000000000000e+00
8.160359999999999445e+02 0.000000000000000000e+00
8.385190000000000055e+02 0.000000000000000000e+00
8.613079999999999927e+02 0.000000000000000000e+00
8.844020000000000437e+02 0.000000000000000000e+00
9.078029999999999973e+02 0.000000000000000000e+00
9.315090000000000146e+02 0.000000000000000000e+00
9.555209999999999582e+02 0.000000000000000000e+00
9.798390000000000555e+02 0.000000000000000000e+00
1.004460000000000036e+03 0.000000000000000000e+00
1.029390000000000100e+03 0.000000000000000000e+00
1.054630000000000109e+03 0.000000000000000000e+00
1.080170000000000073e+03 0.000000000000000000e+00
1.106019999999999982e+03 0.000000000000000000e+00
1.132170000000000073e+03 0.000000000000000000e+00
1.158630000000000109e+03 0.000000000000000000e+00
1.185400000000000091e+03 0.000000000000000000e+00
1.212470000000000027e+03 0.000000000000000000e+00
1.239839999999999918e+03 0.000000000000000000e+00
1.267529999999999973e+03 0.000000000000000000e+00
1.295509999999999991e+03 0.000000000000000000e+00
1.323809999999999945e+03 0.000000000000000000e+00
1.352410000000000082e+03 0.000000000000000000e+00
1.381319999999999936e+03 0.000000000000000000e+00
1.410529999999999973e+03 0.000000000000000000e+00
1.440049999999999955e+03 0.000000000000000000e+00
1.469869999999999891e+03 0.000000000000000000e+00
1.500000000000000000e+03 0.000000000000000000e+00
-----------------------

Three-body attachment rate (m6/s)
-----------------------
1.000000000000000000e+00 0.000000000000000000e+00
1.152940000000000076e+00 0.000000000000000000e+00
1.611769999999999925e+00 0.000000000000000000e+00
2.376489999999999991e+00 0.000000000000000000e+00
3.447099999999999831e+00 0.000000000000000000e+00
4.823590000000000266e+00 0.000000000000000000e+00
6.505969999999999587e+00 0.000000000000000000e+00
8.494229999999999947e+00 0.000000000000000000e+00
1.078839999999999932e+01 0.000000000000000000e+00
1.338840000000000074e+01 0.000000000000000000e+00
1.629439999999999955e+01 0.000000000000000000e+00
1.950619999999999976e+01 0.000000000000000000e+00
2.302390000000000114e+01 0.000000000000000000e+00
2.684750000000000014e+01 0.000000000000000000e+00
3.097690000000000055e+01 0.000000000000000000e+00
3.541230000000000189e+01 0.000000000000000000e+00
4.015359999999999729e+01 0.000000000000000000e+00
4.520069999999999766e+01 0.000000000000000000e+00
5.055369999999999919e+01 0.000000000000000000e+00
5.621260000000000190e+01 0.000000000000000000e+00
6.217739999999999867e+01 0.000000000000000000e+00
6.844809999999999661e+01 0.000000000000000000e+00
7.502469999999999573e+01 0.000000000000000000e+00
8.190720000000000312e+01 0.000000000000000000e+00
8.909550000000000125e+01 0.000000000000000000e+00
9.658969999999999345e+01 0.000000000000000000e+00
1.043900000000000006e+02 0.000000000000000000e+00
1.124959999999999951e+02 0.000000000000000000e+00
1.209080000000000013e+02 0.000000000000000000e+00
1.296260000000000048e+02 0.000000000000000000e+00
1.386490000000000009e+02 0.000000000000000000e+00
1.479790000000000134e+02 0.000000000000000000e+00
1.576140000000000043e+02 0.000000000000000000e+00
1.675560000000000116e+02 0.000000000000000000e+00
1.778029999999999973e+02 0.000000000000000000e+00
1.883559999999999945e+02 0.000000000000000000e+00
1.992150000000000034e+02 0.000000000000000000e+00
2.103799999999999955e+02 0.000000000000000000e+00
2.218509999999999991e+02 0.000000000000000000e+00
2.336270000000000095e+02 0.000000000000000000e+00
2.457100000000000080e+02 0.000000000000000000e+00
2.580980000000000132e+02 0.000000000000000000e+00
2.707919999999999732e+02 0.000000000000000000e+00
2.837930000000000064e+02 0.000000000000000000e+00
2.970989999999999895e+02 0.000000000000000000e+00
3.107110000000000127e+02 0.000000000000000000e+00
3.246290000000000191e+02 0.000000000000000000e+00
3.388519999999999754e+02 0.000000000000000000e+00
3.533820000000000050e+02 0.000000000000000000e+00
3.682180000000000177e+02 0.000000000000000000e+00
3.833589999999999804e+02 0.000000000000000000e+00
3.988059999999999832e+02 0.000000000000000000e+00
4.145590000000000259e+02 0.000000000000000000e+00
4.306190000000000282e+02 0.000000000000000000e+00
4.469830000000000041e+02 0.000000000000000000e+00
4.636539999999999964e+02 0.000000000000000000e+00
4.806309999999999718e+02 0.000000000000000000e+00
4.979139999999999873e+02 0.000000000000000000e+00
5.155019999999999527e+02 0.000000000000000000e+00
5.333970000000000482e+02 0.000000000000000000e+00
5.515969999999999800e+02 0.000000000000000000e+00
5.701029999999999518e+02 0.000000000000000000e+00
5.889149999999999636e+02 0.000000000000000000e+00
6.080330000000000155e+02 0.000000000000000000e+00
6.274569999999999936e+02 0.000000000000000000e+00
6.471870000000000118e+02 0.000000000000000000e+00
6.672219999999999800e+02 0.000000000000000000e+00
6.875639999999999645e+02 0.000000000000000000e+00
7.082110000000000127e+02 0.000000000000000000e+00
7.291639999999999873e+02 0.000000000000000000e+00
7.504239999999999782e+02 0.000000000000000000e+00
7.719890000000000327e+02 0.000000000000000000e+00
7.938600000000000136e+02 0.000000000000000000e+00
8.160359999999999445e+02 0.000000000000000000e+00
8.385190000000000055e+02 0.000000000000000000e+00
8.613079999999999927e+02 0.000000000000000000e+00
8.844020000000000437e+02 0.000000000000000000e+00
9.078029999999999973e+02 0.000000000000000000e+00
9.315090000000000146e+02 0.000000000000000000e+00
9.555209999999999582e+02 0.000000000000000000e+00
9.798390000000000555e+02 0.000000000000000000e+00
1.004460000000000036e+03 0.000000000000000000e+00
1.029390000000000100e+03 0.000000000000000000e+00
1.054630000000000109e+03 0.000000000000000000e+00
1.080170000000000073e+03 0.000000000000000000e+00
1.106019999999999982e+03 0.000000000000000000e+00
1.132170000000000073e+03 0.000000000000000000e+00
1.158630000000000109e+03 0.000000000000000000e+00
1.185400000000000091e+03 0.000000000000000000e+00
1.212470000000000027e+03 0.000000000000000000e+00
1.239839999999999918e+03 0.000000000000000000e+00
1.267529999999999973e+03 0.000000000000000000e+00
1.295509999999999991e+03 0.000000000000000000e+00
1.323809999999999945e+03 0.000000000000000000e+00
1.352410000000000082e+03 0.000000000000000000e+00
1.381319999999999936e+03 0.000000000000000000e+00
1.410529999999999973e+03 0.000000000000000000e+00
1.440049999999999955e+03 0.000000000000000000e+00
1.469869999999999891e+03 0.000000000000000000e+00
1.500000000000000000e+03 0.000000000000000000e+00
-----------------------

