Mobility *N (1/m/V/s)
-----------------------
1.000000000000000000e+00 6.163300000000000284e+24
1.152940000000000076e+00 5.920590000000000059e+24
1.611769999999999925e+00 5.359839999999999606e+24
2.376489999999999991e+00 4.654160000000000013e+24
3.447099999999999831e+00 3.858059999999999955e+24
4.823590000000000266e+00 3.138820000000000242e+24
6.505969999999999587e+00 2.620579999999999798e+24
8.494229999999999947e+00 2.279579999999999984e+24
1.078839999999999932e+01 2.054709999999999881e+24
1.338840000000000074e+01 1.901029999999999868e+24
1.629439999999999955e+01 1.791069999999999887e+24
1.950619999999999976e+01 1.708389999999999902e+24
2.302390000000000114e+01 1.643190000000000116e+24
2.684750000000000014e+01 1.588929999999999970e+24
3.097690000000000055e+01 1.541819999999999909e+24
3.541230000000000189e+01 1.499490000000000129e+24
4.015359999999999729e+01 1.460280000000000036e+24
4.520069999999999766e+01 1.423639999999999910e+24
5.055369999999999919e+01 1.389029999999999868e+24
5.621260000000000190e+01 1.356109999999999925e+24
6.217739999999999867e+01 1.324900000000000016e+24
6.844809999999999661e+01 1.295489999999999987e+24
7.502469999999999573e+01 1.267779999999999890e+24
8.190720000000000312e+01 1.241839999999999904e+24
8.909550000000000125e+01 1.217570000000000079e+24
9.658969999999999345e+01 1.194859999999999963e+24
1.043900000000000006e+02 1.173560000000000036e+24
1.124959999999999951e+02 1.153540000000000041e+24
1.209080000000000013e+02 1.134620000000000018e+24
1.296260000000000048e+02 1.116660000000000012e+24
1.386490000000000009e+02 1.099499999999999997e+24
1.479790000000000134e+02 1.083130000000000006e+24
1.576140000000000043e+02 1.067409999999999949e+24
1.675560000000000116e+02 1.052249999999999981e+24
1.778029999999999973e+02 1.037659999999999934e+24
1.883559999999999945e+02 1.023560000000000065e+24
1.992150000000000034e+02 1.009909999999999965e+24
2.103799999999999955e+02 9.967100000000000362e+23
2.218509999999999991e+02 9.838769999999999672e+23
2.336270000000000095e+02 9.714169999999999536e+23
2.457100000000000080e+02 9.593139999999999659e+23
2.580980000000000132e+02 9.475210000000000606e+23
2.707919999999999732e+02 9.360789999999999856e+23
2.837930000000000064e+02 9.249439999999999623e+23
2.970989999999999895e+02 9.141019999999999816e+23
3.107110000000000127e+02 9.035589999999999709e+23
3.246290000000000191e+02 8.932659999999999659e+23
3.388519999999999754e+02 8.832300000000000383e+23
3.533820000000000050e+02 8.734419999999999617e+23
3.682180000000000177e+02 8.638640000000000189e+23
3.833589999999999804e+02 8.545399999999999885e+23
3.988059999999999832e+02 8.454320000000000189e+23
4.145590000000000259e+02 8.365320000000000283e+23
4.306190000000000282e+02 8.278319999999999350e+23
4.469830000000000041e+02 8.193360000000000482e+23
4.636539999999999964e+02 8.110100000000000204e+23
4.806309999999999718e+02 8.028600000000000472e+23
4.979139999999999873e+02 7.948799999999999329e+23
5.155019999999999527e+02 7.870630000000000087e+23
5.333970000000000482e+02 7.794090000000000060e+23
5.515969999999999800e+02 7.719020000000000299e+23
5.701029999999999518e+02 7.645429999999999562e+23
5.889149999999999636e+02 7.573259999999999921e+23
6.080330000000000155e+02 7.502339999999999638e+23
6.274569999999999936e+02 7.432899999999999722e+23
6.471870000000000118e+02 7.364749999999999573e+23
6.672219999999999800e+02 7.297860000000000225e+23
6.875639999999999645e+02 7.232200000000000031e+23
7.082110000000000127e+02 7.167740000000000026e+23
7.291639999999999873e+02 7.104439999999999801e+23
7.504239999999999782e+02 7.042270000000000391e+23
7.719890000000000327e+02 6.981210000000000249e+23
7.938600000000000136e+02 6.921230000000000412e+23
8.160359999999999445e+02 6.862369999999999945e+23
8.385190000000000055e+02 6.804490000000000102e+23
8.613079999999999927e+02 6.747619999999999848e+23
8.844020000000000437e+02 6.691750000000000422e+23
9.078029999999999973e+02 6.636860000000000278e+23
9.315090000000000146e+02 6.582810000000000668e+23
9.555209999999999582e+02 6.529819999999999816e+23
9.798390000000000555e+02 6.477750000000000317e+23
1.004460000000000036e+03 6.426589999999999384e+23
1.029390000000000100e+03 6.376319999999999497e+23
1.054630000000000109e+03 6.326920000000000451e+23
1.080170000000000073e+03 6.278379999999999460e+23
1.106019999999999982e+03 6.230670000000000244e+23
1.132170000000000073e+03 6.183790000000000118e+23
1.158630000000000109e+03 6.137720000000000220e+23
1.185400000000000091e+03 6.092440000000000346e+23
1.212470000000000027e+03 6.047910000000000087e+23
1.239839999999999918e+03 6.004179999999999953e+23
1.267529999999999973e+03 5.961210000000000207e+23
1.295509999999999991e+03 5.918969999999999872e+23
1.323809999999999945e+03 5.877460000000000288e+23
1.352410000000000082e+03 5.836649999999999809e+23
1.381319999999999936e+03 5.796520000000000241e+23
1.410529999999999973e+03 5.757099999999999879e+23
1.440049999999999955e+03 5.718350000000000328e+23
1.469869999999999891e+03 5.680250000000000039e+23
1.500000000000000000e+03 5.642799999999999685e+23
-----------------------

Townsend ioniz. coef. alpha/N (m2)
-----------------------
1.000000000000000000e+00 0.000000000000000000e+00
1.152940000000000076e+00 0.000000000000000000e+00
1.611769999999999925e+00 0.000000000000000000e+00
2.376489999999999991e+00 0.000000000000000000e+00
3.447099999999999831e+00 0.000000000000000000e+00
4.823590000000000266e+00 0.000000000000000000e+00
6.505969999999999587e+00 0.000000000000000000e+00
8.494229999999999947e+00 0.000000000000000000e+00
1.078839999999999932e+01 0.000000000000000000e+00
1.338840000000000074e+01 0.000000000000000000e+00
1.629439999999999955e+01 0.000000000000000000e+00
1.950619999999999976e+01 4.250210000000000416e-34
2.302390000000000114e+01 1.116980000000000040e-31
2.684750000000000014e+01 3.268239999999999775e-30
3.097690000000000055e+01 4.970290000000000184e-29
3.541230000000000189e+01 4.573700000000000401e-28
4.015359999999999729e+01 2.892470000000000022e-27
4.520069999999999766e+01 1.365339999999999883e-26
5.055369999999999919e+01 5.130500000000000053e-26
5.621260000000000190e+01 1.605059999999999983e-25
6.217739999999999867e+01 4.328630000000000041e-25
6.844809999999999661e+01 1.032760000000000088e-24
7.502469999999999573e+01 2.223049999999999996e-24
8.190720000000000312e+01 4.386879999999999922e-24
8.909550000000000125e+01 8.036509999999999497e-24
9.658969999999999345e+01 1.381429999999999937e-23
1.043900000000000006e+02 2.248340000000000044e-23
1.124959999999999951e+02 3.489569999999999900e-23
1.209080000000000013e+02 5.198809999999999726e-23
1.296260000000000048e+02 7.474690000000000225e-23
1.386490000000000009e+02 1.041900000000000044e-22
1.479790000000000134e+02 1.413370000000000011e-22
1.576140000000000043e+02 1.872009999999999962e-22
1.675560000000000116e+02 2.427639999999999966e-22
1.778029999999999973e+02 3.089699999999999851e-22
1.883559999999999945e+02 3.866990000000000033e-22
1.992150000000000034e+02 4.767660000000000368e-22
2.103799999999999955e+02 5.799169999999999562e-22
2.218509999999999991e+02 6.967869999999999614e-22
2.336270000000000095e+02 8.279479999999999796e-22
2.457100000000000080e+02 9.738709999999999578e-22
2.580980000000000132e+02 1.134929999999999946e-21
2.707919999999999732e+02 1.311419999999999907e-21
2.837930000000000064e+02 1.503520000000000028e-21
2.970989999999999895e+02 1.711340000000000053e-21
3.107110000000000127e+02 1.934909999999999946e-21
3.246290000000000191e+02 2.174129999999999890e-21
3.388519999999999754e+02 2.428899999999999877e-21
3.533820000000000050e+02 2.699010000000000158e-21
3.682180000000000177e+02 2.984210000000000153e-21
3.833589999999999804e+02 3.284169999999999878e-21
3.988059999999999832e+02 3.598529999999999762e-21
4.145590000000000259e+02 3.926899999999999894e-21
4.306190000000000282e+02 4.268839999999999793e-21
4.469830000000000041e+02 4.623900000000000373e-21
4.636539999999999964e+02 4.991570000000000358e-21
4.806309999999999718e+02 5.371370000000000322e-21
4.979139999999999873e+02 5.762789999999999742e-21
5.155019999999999527e+02 6.165310000000000240e-21
5.333970000000000482e+02 6.578349999999999750e-21
5.515969999999999800e+02 7.001450000000000573e-21
5.701029999999999518e+02 7.434070000000000344e-21
5.889149999999999636e+02 7.875659999999999591e-21
6.080330000000000155e+02 8.325730000000000278e-21
6.274569999999999936e+02 8.783730000000000677e-21
6.471870000000000118e+02 9.249159999999999628e-21
6.672219999999999800e+02 9.721530000000000597e-21
6.875639999999999645e+02 1.020030000000000047e-20
7.082110000000000127e+02 1.068509999999999955e-20
7.291639999999999873e+02 1.117539999999999936e-20
7.504239999999999782e+02 1.167079999999999987e-20
7.719890000000000327e+02 1.217070000000000029e-20
7.938600000000000136e+02 1.267489999999999985e-20
8.160359999999999445e+02 1.318269999999999964e-20
8.385190000000000055e+02 1.369390000000000040e-20
8.613079999999999927e+02 1.420799999999999946e-20
8.844020000000000437e+02 1.472470000000000094e-20
9.078029999999999973e+02 1.524360000000000030e-20
9.315090000000000146e+02 1.576429999999999903e-20
9.555209999999999582e+02 1.628649999999999973e-20
9.798390000000000555e+02 1.680969999999999974e-20
1.004460000000000036e+03 1.733369999999999980e-20
1.029390000000000100e+03 1.785819999999999952e-20
1.054630000000000109e+03 1.838280000000000037e-20
1.080170000000000073e+03 1.890719999999999895e-20
1.106019999999999982e+03 1.943119999999999901e-20
1.132170000000000073e+03 1.995450000000000016e-20
1.158630000000000109e+03 2.047670000000000086e-20
1.185400000000000091e+03 2.099769999999999998e-20
1.212470000000000027e+03 2.151730000000000127e-20
1.239839999999999918e+03 2.203490000000000093e-20
1.267529999999999973e+03 2.255049999999999895e-20
1.295509999999999991e+03 2.306389999999999910e-20
1.323809999999999945e+03 2.357469999999999983e-20
1.352410000000000082e+03 2.408290000000000115e-20
1.381319999999999936e+03 2.458830000000000078e-20
1.410529999999999973e+03 2.509060000000000135e-20
1.440049999999999955e+03 2.558949999999999945e-20
1.469869999999999891e+03 2.608500000000000109e-20
1.500000000000000000e+03 2.657679999999999987e-20
-----------------------

Townsend attach. coef. eta/N (m2)
-----------------------
1.000000000000000000e+00 1.025360000000000008e-40
1.152940000000000076e+00 8.763720000000000200e-41
1.611769999999999925e+00 5.988450000000000443e-41
2.376489999999999991e+00 3.764550000000000085e-41
3.447099999999999831e+00 2.338669999999999888e-41
4.823590000000000266e+00 1.491350000000000007e-41
6.505969999999999587e+00 1.005600000000000036e-41
8.494229999999999947e+00 7.227050000000000125e-42
1.078839999999999932e+01 5.485700000000000212e-42
1.338840000000000074e+01 4.032989999999999726e-31
1.629439999999999955e+01 2.314109999999999986e-29
1.950619999999999976e+01 5.079940000000000282e-28
2.302390000000000114e+01 5.342750000000000054e-27
2.684750000000000014e+01 3.308450000000000138e-26
3.097690000000000055e+01 1.394069999999999919e-25
3.541230000000000189e+01 4.395249999999999724e-25
4.015359999999999729e+01 1.112629999999999963e-24
4.520069999999999766e+01 2.370440000000000011e-24
5.055369999999999919e+01 4.407849999999999688e-24
5.621260000000000190e+01 7.333170000000000552e-24
6.217739999999999867e+01 1.113340000000000062e-23
6.844809999999999661e+01 1.565969999999999983e-23
7.502469999999999573e+01 2.064970000000000003e-23
8.190720000000000312e+01 2.579349999999999924e-23
8.909550000000000125e+01 3.078160000000000174e-23
9.658969999999999345e+01 3.536360000000000163e-23
1.043900000000000006e+02 3.937129999999999845e-23
1.124959999999999951e+02 4.270160000000000032e-23
1.209080000000000013e+02 4.533730000000000176e-23
1.296260000000000048e+02 4.730519999999999941e-23
1.386490000000000009e+02 4.866390000000000208e-23
1.479790000000000134e+02 4.948670000000000159e-23
1.576140000000000043e+02 4.985290000000000257e-23
1.675560000000000116e+02 4.983880000000000031e-23
1.778029999999999973e+02 4.951549999999999857e-23
1.883559999999999945e+02 4.894449999999999816e-23
1.992150000000000034e+02 4.817939999999999822e-23
2.103799999999999955e+02 4.726590000000000200e-23
2.218509999999999991e+02 4.624050000000000288e-23
2.336270000000000095e+02 4.513480000000000188e-23
2.457100000000000080e+02 4.397409999999999975e-23
2.580980000000000132e+02 4.277899999999999845e-23
2.707919999999999732e+02 4.156570000000000032e-23
2.837930000000000064e+02 4.034739999999999835e-23
2.970989999999999895e+02 3.913439999999999940e-23
3.107110000000000127e+02 3.793459999999999931e-23
3.246290000000000191e+02 3.675459999999999750e-23
3.388519999999999754e+02 3.559889999999999922e-23
3.533820000000000050e+02 3.447120000000000011e-23
3.682180000000000177e+02 3.337419999999999863e-23
3.833589999999999804e+02 3.230920000000000293e-23
3.988059999999999832e+02 3.127749999999999768e-23
4.145590000000000259e+02 3.027969999999999885e-23
4.306190000000000282e+02 2.931619999999999946e-23
4.469830000000000041e+02 2.838709999999999925e-23
4.636539999999999964e+02 2.749150000000000068e-23
4.806309999999999718e+02 2.662909999999999871e-23
4.979139999999999873e+02 2.579930000000000088e-23
5.155019999999999527e+02 2.500130000000000057e-23
5.333970000000000482e+02 2.423429999999999998e-23
5.515969999999999800e+02 2.349719999999999923e-23
5.701029999999999518e+02 2.278910000000000077e-23
5.889149999999999636e+02 2.210910000000000123e-23
6.080330000000000155e+02 2.145620000000000041e-23
6.274569999999999936e+02 2.082919999999999870e-23
6.471870000000000118e+02 2.022730000000000123e-23
6.672219999999999800e+02 1.964939999999999928e-23
6.875639999999999645e+02 1.909470000000000095e-23
7.082110000000000127e+02 1.856210000000000043e-23
7.291639999999999873e+02 1.805089999999999968e-23
7.504239999999999782e+02 1.755999999999999877e-23
7.719890000000000327e+02 1.708859999999999992e-23
7.938600000000000136e+02 1.663599999999999918e-23
8.160359999999999445e+02 1.620150000000000142e-23
8.385190000000000055e+02 1.578390000000000114e-23
8.613079999999999927e+02 1.538279999999999942e-23
8.844020000000000437e+02 1.499740000000000143e-23
9.078029999999999973e+02 1.462700000000000028e-23
9.315090000000000146e+02 1.427129999999999972e-23
9.555209999999999582e+02 1.392910000000000014e-23
9.798390000000000555e+02 1.359999999999999970e-23
1.004460000000000036e+03 1.328359999999999949e-23
1.029390000000000100e+03 1.297919999999999999e-23
1.054630000000000109e+03 1.268629999999999962e-23
1.080170000000000073e+03 1.240449999999999950e-23
1.106019999999999982e+03 1.213329999999999953e-23
1.132170000000000073e+03 1.187209999999999991e-23
1.158630000000000109e+03 1.162069999999999970e-23
1.185400000000000091e+03 1.137850000000000057e-23
1.212470000000000027e+03 1.114539999999999985e-23
1.239839999999999918e+03 1.092059999999999975e-23
1.267529999999999973e+03 1.070400000000000055e-23
1.295509999999999991e+03 1.049510000000000068e-23
1.323809999999999945e+03 1.029380000000000043e-23
1.352410000000000082e+03 1.009959999999999969e-23
1.381319999999999936e+03 9.912320000000000734e-24
1.410529999999999973e+03 9.731619999999999501e-24
1.440049999999999955e+03 9.557229999999999379e-24
1.469869999999999891e+03 9.388910000000000444e-24
1.500000000000000000e+03 9.226410000000000445e-24
-----------------------

Three-body attachment rate (m6/s)
-----------------------
1.000000000000000000e+00 3.039727999999999945e-42
1.152940000000000076e+00 2.877441999999999766e-42
1.611769999999999925e+00 2.488375999999999820e-42
2.376489999999999991e+00 2.002794000000000014e-42
3.447099999999999831e+00 1.496015999999999903e-42
4.823590000000000266e+00 1.086080999999999900e-42
6.505969999999999587e+00 8.246712999999999955e-43
8.494229999999999947e+00 6.731100999999999637e-43
1.078839999999999932e+01 5.849037999999999923e-43
1.338840000000000074e+01 5.314508999999999458e-43
1.629439999999999955e+01 4.973495000000000025e-43
1.950619999999999976e+01 4.743546999999999462e-43
2.302390000000000114e+01 4.578836000000000350e-43
2.684750000000000014e+01 4.452152999999999694e-43
3.097690000000000055e+01 4.346294000000000273e-43
3.541230000000000189e+01 4.248832999999999683e-43
4.015359999999999729e+01 4.149461000000000518e-43
4.520069999999999766e+01 4.039592000000000395e-43
5.055369999999999919e+01 3.911417999999999188e-43
5.621260000000000190e+01 3.760030999999999736e-43
6.217739999999999867e+01 3.583440999999999968e-43
6.844809999999999661e+01 3.383333999999999972e-43
7.502469999999999573e+01 3.165104999999999567e-43
8.190720000000000312e+01 2.935805999999999648e-43
8.909550000000000125e+01 2.703556999999999843e-43
9.658969999999999345e+01 2.475627999999999964e-43
1.043900000000000006e+02 2.257797000000000132e-43
1.124959999999999951e+02 2.054313999999999808e-43
1.209080000000000013e+02 1.867380000000000012e-43
1.296260000000000048e+02 1.697855999999999880e-43
1.386490000000000009e+02 1.545578999999999894e-43
1.479790000000000134e+02 1.409622000000000006e-43
1.576140000000000043e+02 1.288727999999999988e-43
1.675560000000000116e+02 1.181553999999999928e-43
1.778029999999999973e+02 1.086397999999999927e-43
1.883559999999999945e+02 1.001950999999999773e-43
1.992150000000000034e+02 9.268942999999999688e-44
2.103799999999999955e+02 8.599407999999999099e-44
2.218509999999999991e+02 8.002491999999999248e-44
2.336270000000000095e+02 7.467839000000000448e-44
2.457100000000000080e+02 6.987438999999999283e-44
2.580980000000000132e+02 6.554870999999999598e-44
2.707919999999999732e+02 6.163110999999999368e-44
2.837930000000000064e+02 5.807579999999999288e-44
2.970989999999999895e+02 5.483865000000000182e-44
3.107110000000000127e+02 5.187740000000000117e-44
3.246290000000000191e+02 4.916841999999999089e-44
3.388519999999999754e+02 4.667880000000000294e-44
3.533820000000000050e+02 4.438422999999999754e-44
3.682180000000000177e+02 4.227019999999999829e-44
3.833589999999999804e+02 4.030480000000000046e-44
3.988059999999999832e+02 3.847927999999999544e-44
4.145590000000000259e+02 3.677976999999999828e-44
4.306190000000000282e+02 3.519410999999999736e-44
4.469830000000000041e+02 3.370687999999999369e-44
4.636539999999999964e+02 3.231855999999999953e-44
4.806309999999999718e+02 3.101568999999999869e-44
4.979139999999999873e+02 2.979089000000000074e-44
5.155019999999999527e+02 2.863761999999999932e-44
5.333970000000000482e+02 2.754698000000000004e-44
5.515969999999999800e+02 2.652015000000000189e-44
5.701029999999999518e+02 2.554908999999999635e-44
5.889149999999999636e+02 2.462959999999999820e-44
6.080330000000000155e+02 2.376123000000000031e-44
6.274569999999999936e+02 2.293359999999999789e-44
6.471870000000000118e+02 2.214722000000000086e-44
6.672219999999999800e+02 2.139924999999999897e-44
6.875639999999999645e+02 2.068712000000000068e-44
7.082110000000000127e+02 2.000814999999999982e-44
7.291639999999999873e+02 1.936085000000000008e-44
7.504239999999999782e+02 1.874290999999999787e-44
7.719890000000000327e+02 1.815251999999999866e-44
7.938600000000000136e+02 1.758799999999999940e-44
8.160359999999999445e+02 1.704597999999999810e-44
8.385190000000000055e+02 1.652882999999999861e-44
8.613079999999999927e+02 1.603328999999999863e-44
8.844020000000000437e+02 1.555812999999999977e-44
9.078029999999999973e+02 1.510222999999999831e-44
9.315090000000000146e+02 1.466583999999999879e-44
9.555209999999999582e+02 1.424530999999999953e-44
9.798390000000000555e+02 1.384112000000000032e-44
1.004460000000000036e+03 1.345241999999999878e-44
1.029390000000000100e+03 1.307843000000000113e-44
1.054630000000000109e+03 1.271839000000000042e-44
1.080170000000000073e+03 1.237120999999999808e-44
1.106019999999999982e+03 1.203710000000000010e-44
1.132170000000000073e+03 1.171500000000000057e-44
1.158630000000000109e+03 1.140435000000000016e-44
1.185400000000000091e+03 1.110460000000000036e-44
1.212470000000000027e+03 1.081538999999999948e-44
1.239839999999999918e+03 1.053597999999999977e-44
1.267529999999999973e+03 1.026606999999999981e-44
1.295509999999999991e+03 1.000523000000000045e-44
1.323809999999999945e+03 9.753057999999999266e-45
1.352410000000000082e+03 9.509180999999999124e-45
1.381319999999999936e+03 9.273526999999999183e-45
1.410529999999999973e+03 9.045181000000000050e-45
1.440049999999999955e+03 8.824128999999999004e-45
1.469869999999999891e+03 8.610067000000000234e-45
1.500000000000000000e+03 8.402711999999999567e-45
-----------------------

