gas_composition
-----------------------
N2 0.7722
O2 0.2079
Ar 0.0099
H2O 0.01
-----------------------

Mobility *N (1/m/V/s)
-----------------------
1.000000000000000000e+00 6.163300000000000284e+24
1.152940000000000076e+00 5.920590000000000059e+24
1.611769999999999925e+00 5.359839999999999606e+24
2.376489999999999991e+00 4.654160000000000013e+24
3.447099999999999831e+00 3.858059999999999955e+24
4.823590000000000266e+00 3.138820000000000242e+24
6.505969999999999587e+00 2.620579999999999798e+24
8.494229999999999947e+00 2.279579999999999984e+24
1.078839999999999932e+01 2.054709999999999881e+24
1.338840000000000074e+01 1.901029999999999868e+24
1.629439999999999955e+01 1.791069999999999887e+24
1.950619999999999976e+01 1.708380000000000068e+24
2.302390000000000114e+01 1.643180000000000014e+24
2.684750000000000014e+01 1.588929999999999970e+24
3.097690000000000055e+01 1.541810000000000075e+24
3.541230000000000189e+01 1.499480000000000027e+24
4.015359999999999729e+01 1.460239999999999895e+24
4.520069999999999766e+01 1.423589999999999936e+24
5.055369999999999919e+01 1.388929999999999920e+24
5.621260000000000190e+01 1.355970000000000104e+24
6.217739999999999867e+01 1.324720000000000055e+24
6.844809999999999661e+01 1.295260000000000051e+24
7.502469999999999573e+01 1.267530000000000018e+24
8.190720000000000312e+01 1.241570000000000096e+24
8.909550000000000125e+01 1.217310000000000105e+24
9.658969999999999345e+01 1.194639999999999996e+24
1.043900000000000006e+02 1.173390000000000042e+24
1.124959999999999951e+02 1.153469999999999996e+24
1.209080000000000013e+02 1.134669999999999992e+24
1.296260000000000048e+02 1.116889999999999947e+24
1.386490000000000009e+02 1.099929999999999964e+24
1.479790000000000134e+02 1.083819999999999947e+24
1.576140000000000043e+02 1.068409999999999972e+24
1.675560000000000116e+02 1.053599999999999958e+24
1.778029999999999973e+02 1.039419999999999942e+24
1.883559999999999945e+02 1.025779999999999944e+24
1.992150000000000034e+02 1.012650000000000060e+24
2.103799999999999955e+02 1.000020000000000053e+24
2.218509999999999991e+02 9.878110000000000558e+23
2.336270000000000095e+02 9.760330000000000354e+23
2.457100000000000080e+02 9.646640000000000357e+23
2.580980000000000132e+02 9.536559999999999685e+23
2.707919999999999732e+02 9.430479999999999643e+23
2.837930000000000064e+02 9.327939999999999554e+23
2.970989999999999895e+02 9.228780000000000467e+23
3.107110000000000127e+02 9.132839999999999402e+23
3.246290000000000191e+02 9.040149999999999353e+23
3.388519999999999754e+02 8.950229999999999436e+23
3.533820000000000050e+02 8.863109999999999961e+23
3.682180000000000177e+02 8.778659999999999596e+23
3.833589999999999804e+02 8.696540000000000236e+23
3.988059999999999832e+02 8.617079999999999885e+23
4.145590000000000259e+02 8.539969999999999400e+23
4.306190000000000282e+02 8.465070000000000034e+23
4.469830000000000041e+02 8.392279999999999423e+23
4.636539999999999964e+02 8.321679999999999727e+23
4.806309999999999718e+02 8.252820000000000372e+23
4.979139999999999873e+02 8.185819999999999900e+23
5.155019999999999527e+02 8.120569999999999872e+23
5.333970000000000482e+02 8.057019999999999775e+23
5.515969999999999800e+02 7.995080000000000031e+23
5.701029999999999518e+02 7.934730000000000438e+23
5.889149999999999636e+02 7.875800000000000598e+23
6.080330000000000155e+02 7.818309999999999373e+23
6.274569999999999936e+02 7.762190000000000076e+23
6.471870000000000118e+02 7.707379999999999408e+23
6.672219999999999800e+02 7.653709999999999657e+23
6.875639999999999645e+02 7.601390000000000286e+23
7.082110000000000127e+02 7.550239999999999455e+23
7.291639999999999873e+02 7.500219999999999439e+23
7.504239999999999782e+02 7.451299999999999932e+23
7.719890000000000327e+02 7.403430000000000422e+23
7.938600000000000136e+02 7.356589999999999363e+23
8.160359999999999445e+02 7.310730000000000270e+23
8.385190000000000055e+02 7.265820000000000152e+23
8.613079999999999927e+02 7.221840000000000147e+23
8.844020000000000437e+02 7.178759999999999948e+23
9.078029999999999973e+02 7.136550000000000590e+23
9.315090000000000146e+02 7.095190000000000527e+23
9.555209999999999582e+02 7.054720000000000168e+23
9.798390000000000555e+02 7.014980000000000561e+23
1.004460000000000036e+03 6.976009999999999431e+23
1.029390000000000100e+03 6.937819999999999565e+23
1.054630000000000109e+03 6.900350000000000349e+23
1.080170000000000073e+03 6.863610000000000543e+23
1.106019999999999982e+03 6.827579999999999942e+23
1.132170000000000073e+03 6.792089999999999494e+23
1.158630000000000109e+03 6.757410000000000616e+23
1.185400000000000091e+03 6.723390000000000433e+23
1.212470000000000027e+03 6.689999999999999979e+23
1.239839999999999918e+03 6.657240000000000598e+23
1.267529999999999973e+03 6.625089999999999400e+23
1.295509999999999991e+03 6.593540000000000309e+23
1.323809999999999945e+03 6.562570000000000438e+23
1.352410000000000082e+03 6.532179999999999785e+23
1.381319999999999936e+03 6.502339999999999387e+23
1.410529999999999973e+03 6.473030000000000380e+23
1.440049999999999955e+03 6.444270000000000286e+23
1.469869999999999891e+03 6.416020000000000037e+23
1.500000000000000000e+03 6.388289999999999735e+23
-----------------------

Townsend ioniz. coef. alpha/N (m2)
-----------------------
1.000000000000000000e+00 0.000000000000000000e+00
1.152940000000000076e+00 0.000000000000000000e+00
1.611769999999999925e+00 0.000000000000000000e+00
2.376489999999999991e+00 0.000000000000000000e+00
3.447099999999999831e+00 0.000000000000000000e+00
4.823590000000000266e+00 0.000000000000000000e+00
6.505969999999999587e+00 0.000000000000000000e+00
8.494229999999999947e+00 0.000000000000000000e+00
1.078839999999999932e+01 0.000000000000000000e+00
1.338840000000000074e+01 0.000000000000000000e+00
1.629439999999999955e+01 0.000000000000000000e+00
1.950619999999999976e+01 4.250230000000000164e-34
2.302390000000000114e+01 1.117000000000000000e-31
2.684750000000000014e+01 3.268320000000000141e-30
3.097690000000000055e+01 4.970699999999999733e-29
3.541230000000000189e+01 4.574259999999999632e-28
4.015359999999999729e+01 2.893409999999999897e-27
4.520069999999999766e+01 1.365940000000000100e-26
5.055369999999999919e+01 5.135049999999999948e-26
5.621260000000000190e+01 1.607010000000000069e-25
6.217739999999999867e+01 4.335620000000000453e-25
6.844809999999999661e+01 1.034899999999999917e-24
7.502469999999999573e+01 2.228320000000000083e-24
8.190720000000000312e+01 4.397889999999999826e-24
8.909550000000000125e+01 8.056150000000000287e-24
9.658969999999999345e+01 1.384360000000000084e-23
1.043900000000000006e+02 2.251730000000000099e-23
1.124959999999999951e+02 3.491719999999999848e-23
1.209080000000000013e+02 5.196419999999999852e-23
1.296260000000000048e+02 7.460059999999999431e-23
1.386490000000000009e+02 1.038039999999999992e-22
1.479790000000000134e+02 1.405279999999999988e-22
1.576140000000000043e+02 1.857029999999999898e-22
1.675560000000000116e+02 2.402149999999999971e-22
1.778029999999999973e+02 3.048840000000000162e-22
1.883559999999999945e+02 3.804430000000000004e-22
1.992150000000000034e+02 4.675660000000000188e-22
2.103799999999999955e+02 5.668180000000000412e-22
2.218509999999999991e+02 6.786520000000000173e-22
2.336270000000000095e+02 8.034510000000000429e-22
2.457100000000000080e+02 9.414620000000000244e-22
2.580980000000000132e+02 1.092910000000000070e-21
2.707919999999999732e+02 1.257839999999999939e-21
2.837930000000000064e+02 1.436280000000000023e-21
2.970989999999999895e+02 1.628160000000000092e-21
3.107110000000000127e+02 1.833330000000000137e-21
3.246290000000000191e+02 2.051589999999999958e-21
3.388519999999999754e+02 2.282619999999999872e-21
3.533820000000000050e+02 2.526180000000000166e-21
3.682180000000000177e+02 2.781900000000000025e-21
3.833589999999999804e+02 3.049270000000000057e-21
3.988059999999999832e+02 3.328240000000000072e-21
4.145590000000000259e+02 3.618060000000000208e-21
4.306190000000000282e+02 3.918370000000000144e-21
4.469830000000000041e+02 4.228739999999999888e-21
4.636539999999999964e+02 4.548609999999999858e-21
4.806309999999999718e+02 4.877819999999999742e-21
4.979139999999999873e+02 5.215609999999999943e-21
5.155019999999999527e+02 5.561630000000000251e-21
5.333970000000000482e+02 5.915419999999999960e-21
5.515969999999999800e+02 6.276550000000000209e-21
5.701029999999999518e+02 6.644399999999999980e-21
5.889149999999999636e+02 7.019029999999999955e-21
6.080330000000000155e+02 7.399620000000000608e-21
6.274569999999999936e+02 7.785869999999999287e-21
6.471870000000000118e+02 8.177390000000000594e-21
6.672219999999999800e+02 8.573690000000000474e-21
6.875639999999999645e+02 8.974689999999999522e-21
7.082110000000000127e+02 9.379800000000000072e-21
7.291639999999999873e+02 9.788710000000000110e-21
7.504239999999999782e+02 1.020110000000000052e-20
7.719890000000000327e+02 1.061660000000000011e-20
7.938600000000000136e+02 1.103489999999999988e-20
8.160359999999999445e+02 1.145580000000000056e-20
8.385190000000000055e+02 1.187900000000000026e-20
8.613079999999999927e+02 1.230410000000000046e-20
8.844020000000000437e+02 1.273090000000000039e-20
9.078029999999999973e+02 1.315909999999999965e-20
9.315090000000000146e+02 1.358840000000000087e-20
9.555209999999999582e+02 1.401859999999999875e-20
9.798390000000000555e+02 1.444949999999999857e-20
1.004460000000000036e+03 1.488090000000000104e-20
1.029390000000000100e+03 1.531249999999999977e-20
1.054630000000000109e+03 1.574409999999999850e-20
1.080170000000000073e+03 1.617550000000000098e-20
1.106019999999999982e+03 1.660649999999999891e-20
1.132170000000000073e+03 1.703680000000000095e-20
1.158630000000000109e+03 1.746649999999999918e-20
1.185400000000000091e+03 1.789520000000000111e-20
1.212470000000000027e+03 1.832290000000000072e-20
1.239839999999999918e+03 1.874919999999999949e-20
1.267529999999999973e+03 1.917410000000000042e-20
1.295509999999999991e+03 1.959749999999999938e-20
1.323809999999999945e+03 2.001909999999999898e-20
1.352410000000000082e+03 2.043880000000000110e-20
1.381319999999999936e+03 2.085659999999999970e-20
1.410529999999999973e+03 2.127220000000000043e-20
1.440049999999999955e+03 2.168570000000000140e-20
1.469869999999999891e+03 2.209679999999999920e-20
1.500000000000000000e+03 2.250549999999999987e-20
-----------------------

Townsend attach. coef. eta/N (m2)
-----------------------
1.000000000000000000e+00 1.025360000000000008e-40
1.152940000000000076e+00 8.763720000000000200e-41
1.611769999999999925e+00 5.988450000000000443e-41
2.376489999999999991e+00 3.764550000000000085e-41
3.447099999999999831e+00 2.338669999999999888e-41
4.823590000000000266e+00 1.491350000000000007e-41
6.505969999999999587e+00 1.005600000000000036e-41
8.494229999999999947e+00 7.227050000000000125e-42
1.078839999999999932e+01 5.485700000000000212e-42
1.338840000000000074e+01 4.032989999999999726e-31
1.629439999999999955e+01 2.314109999999999986e-29
1.950619999999999976e+01 5.079950000000000044e-28
2.302390000000000114e+01 5.342799999999999761e-27
2.684750000000000014e+01 3.308489999999999903e-26
3.097690000000000055e+01 1.394120000000000057e-25
3.541230000000000189e+01 4.395470000000000329e-25
4.015359999999999729e+01 1.112779999999999917e-24
4.520069999999999766e+01 2.370840000000000010e-24
5.055369999999999919e+01 4.409300000000000097e-24
5.621260000000000190e+01 7.336289999999999588e-24
6.217739999999999867e+01 1.113940000000000024e-23
6.844809999999999661e+01 1.566980000000000137e-23
7.502469999999999573e+01 2.066369999999999963e-23
8.190720000000000312e+01 2.581029999999999993e-23
8.909550000000000125e+01 3.079890000000000105e-23
9.658969999999999345e+01 3.537850000000000168e-23
1.043900000000000006e+02 3.938110000000000081e-23
1.124959999999999951e+02 4.270500000000000270e-23
1.209080000000000013e+02 4.533540000000000113e-23
1.296260000000000048e+02 4.729869999999999970e-23
1.386490000000000009e+02 4.865669999999999843e-23
1.479790000000000134e+02 4.948379999999999783e-23
1.576140000000000043e+02 4.986029999999999979e-23
1.675560000000000116e+02 4.986329999999999740e-23
1.778029999999999973e+02 4.956390000000000027e-23
1.883559999999999945e+02 4.902369999999999720e-23
1.992150000000000034e+02 4.829609999999999963e-23
2.103799999999999955e+02 4.742630000000000044e-23
2.218509999999999991e+02 4.645010000000000082e-23
2.336270000000000095e+02 4.539870000000000288e-23
2.457100000000000080e+02 4.429639999999999837e-23
2.580980000000000132e+02 4.316309999999999708e-23
2.707919999999999732e+02 4.201450000000000272e-23
2.837930000000000064e+02 4.086279999999999928e-23
2.970989999999999895e+02 3.971770000000000115e-23
3.107110000000000127e+02 3.858669999999999939e-23
3.246290000000000191e+02 3.747530000000000235e-23
3.388519999999999754e+02 3.638799999999999762e-23
3.533820000000000050e+02 3.532760000000000099e-23
3.682180000000000177e+02 3.429640000000000024e-23
3.833589999999999804e+02 3.329610000000000243e-23
3.988059999999999832e+02 3.232660000000000196e-23
4.145590000000000259e+02 3.138890000000000195e-23
4.306190000000000282e+02 3.048300000000000240e-23
4.469830000000000041e+02 2.960839999999999882e-23
4.636539999999999964e+02 2.876520000000000268e-23
4.806309999999999718e+02 2.795190000000000048e-23
4.979139999999999873e+02 2.716829999999999866e-23
5.155019999999999527e+02 2.641359999999999942e-23
5.333970000000000482e+02 2.568669999999999991e-23
5.515969999999999800e+02 2.498679999999999942e-23
5.701029999999999518e+02 2.431310000000000013e-23
5.889149999999999636e+02 2.366429999999999976e-23
6.080330000000000155e+02 2.303979999999999997e-23
6.274569999999999936e+02 2.243850000000000085e-23
6.471870000000000118e+02 2.185949999999999899e-23
6.672219999999999800e+02 2.130219999999999901e-23
6.875639999999999645e+02 2.076529999999999860e-23
7.082110000000000127e+02 2.024809999999999970e-23
7.291639999999999873e+02 1.974990000000000129e-23
7.504239999999999782e+02 1.926989999999999971e-23
7.719890000000000327e+02 1.880720000000000038e-23
7.938600000000000136e+02 1.836129999999999880e-23
8.160359999999999445e+02 1.793140000000000011e-23
8.385190000000000055e+02 1.751670000000000064e-23
8.613079999999999927e+02 1.711679999999999856e-23
8.844020000000000437e+02 1.673089999999999901e-23
9.078029999999999973e+02 1.635850000000000043e-23
9.315090000000000146e+02 1.599910000000000126e-23
9.555209999999999582e+02 1.565219999999999995e-23
9.798390000000000555e+02 1.531699999999999869e-23
1.004460000000000036e+03 1.499320000000000126e-23
1.029390000000000100e+03 1.468039999999999994e-23
1.054630000000000109e+03 1.437799999999999933e-23
1.080170000000000073e+03 1.408579999999999997e-23
1.106019999999999982e+03 1.380310000000000087e-23
1.132170000000000073e+03 1.352999999999999879e-23
1.158630000000000109e+03 1.326549999999999945e-23
1.185400000000000091e+03 1.300959999999999990e-23
1.212470000000000027e+03 1.276189999999999977e-23
1.239839999999999918e+03 1.252209999999999990e-23
1.267529999999999973e+03 1.228989999999999964e-23
1.295509999999999991e+03 1.206490000000000009e-23
1.323809999999999945e+03 1.184700000000000007e-23
1.352410000000000082e+03 1.163580000000000067e-23
1.381319999999999936e+03 1.143109999999999950e-23
1.410529999999999973e+03 1.123260000000000034e-23
1.440049999999999955e+03 1.104009999999999932e-23
1.469869999999999891e+03 1.085339999999999994e-23
1.500000000000000000e+03 1.067229999999999981e-23
-----------------------

Three-body attachment rate (m6/s)
-----------------------
1.000000000000000000e+00 3.039727999999999945e-42
1.152940000000000076e+00 2.877441999999999766e-42
1.611769999999999925e+00 2.488375999999999820e-42
2.376489999999999991e+00 2.002794000000000014e-42
3.447099999999999831e+00 1.496015999999999903e-42
4.823590000000000266e+00 1.086080999999999900e-42
6.505969999999999587e+00 8.246712999999999955e-43
8.494229999999999947e+00 6.731100999999999637e-43
1.078839999999999932e+01 5.849037999999999923e-43
1.338840000000000074e+01 5.314508999999999458e-43
1.629439999999999955e+01 4.973495000000000025e-43
1.950619999999999976e+01 4.743546000000000320e-43
2.302390000000000114e+01 4.578830999999999862e-43
2.684750000000000014e+01 4.452146000000000125e-43
3.097690000000000055e+01 4.346270000000000159e-43
3.541230000000000189e+01 4.248789000000000004e-43
4.015359999999999729e+01 4.149350999999999329e-43
4.520069999999999766e+01 4.039420999999999777e-43
5.055369999999999919e+01 3.911092999999999294e-43
5.621260000000000190e+01 3.759559000000000136e-43
6.217739999999999867e+01 3.582784999999999755e-43
6.844809999999999661e+01 3.382468999999999889e-43
7.502469999999999573e+01 3.164066999999999786e-43
8.190720000000000312e+01 2.934661000000000086e-43
8.909550000000000125e+01 2.702403000000000039e-43
9.658969999999999345e+01 2.474600999999999904e-43
1.043900000000000006e+02 2.257050999999999888e-43
1.124959999999999951e+02 2.054001999999999910e-43
1.209080000000000013e+02 1.867618000000000087e-43
1.296260000000000048e+02 1.698808999999999918e-43
1.386490000000000009e+02 1.547346999999999909e-43
1.479790000000000134e+02 1.412289000000000002e-43
1.576140000000000043e+02 1.292363999999999833e-43
1.675560000000000116e+02 1.186201000000000023e-43
1.778029999999999973e+02 1.092089000000000030e-43
1.883559999999999945e+02 1.008709999999999999e-43
1.992150000000000034e+02 9.347272999999999496e-44
2.103799999999999955e+02 8.688495000000000178e-44
2.218509999999999991e+02 8.102296999999999420e-44
2.336270000000000095e+02 7.578251999999999519e-44
2.457100000000000080e+02 7.108348000000000369e-44
2.580980000000000132e+02 6.686053999999999647e-44
2.707919999999999732e+02 6.304368999999999089e-44
2.837930000000000064e+02 5.958642999999999382e-44
2.970989999999999895e+02 5.644459000000000005e-44
3.107110000000000127e+02 5.358001999999998995e-44
3.246290000000000191e+02 5.095576000000000602e-44
3.388519999999999754e+02 4.855222000000000446e-44
3.533820000000000050e+02 4.634018999999999840e-44
3.682180000000000177e+02 4.429865999999999866e-44
3.833589999999999804e+02 4.241607999999999487e-44
3.988059999999999832e+02 4.066199000000000249e-44
4.145590000000000259e+02 3.903061999999999563e-44
4.306190000000000282e+02 3.750942000000000061e-44
4.469830000000000041e+02 3.608772999999999805e-44
4.636539999999999964e+02 3.475158999999999759e-44
4.806309999999999718e+02 3.350198000000000060e-44
4.979139999999999873e+02 3.232711999999999893e-44
5.155019999999999527e+02 3.122029000000000031e-44
5.333970000000000482e+02 3.017574000000000049e-44
5.515969999999999800e+02 2.918830999999999972e-44
5.701029999999999518e+02 2.825061999999999760e-44
5.889149999999999636e+02 2.736421999999999821e-44
6.080330000000000155e+02 2.652265999999999563e-44
6.274569999999999936e+02 2.572246999999999652e-44
6.471870000000000118e+02 2.496065000000000148e-44
6.672219999999999800e+02 2.423769999999999963e-44
6.875639999999999645e+02 2.354444000000000186e-44
7.082110000000000127e+02 2.288217999999999620e-44
7.291639999999999873e+02 2.224881999999999750e-44
7.504239999999999782e+02 2.164250999999999774e-44
7.719890000000000327e+02 2.106152999999999785e-44
7.938600000000000136e+02 2.050404999999999903e-44
8.160359999999999445e+02 1.996919999999999962e-44
8.385190000000000055e+02 1.945526999999999892e-44
8.613079999999999927e+02 1.896120999999999938e-44
8.844020000000000437e+02 1.848579999999999848e-44
9.078029999999999973e+02 1.802804000000000059e-44
9.315090000000000146e+02 1.758695999999999775e-44
9.555209999999999582e+02 1.715993999999999901e-44
9.798390000000000555e+02 1.674967999999999736e-44
1.004460000000000036e+03 1.635358999999999951e-44
1.029390000000000100e+03 1.597099000000000056e-44
1.054630000000000109e+03 1.560117999999999881e-44
1.080170000000000073e+03 1.524354999999999800e-44
1.106019999999999982e+03 1.489753999999999876e-44
1.132170000000000073e+03 1.456375999999999738e-44
1.158630000000000109e+03 1.423929000000000147e-44
1.185400000000000091e+03 1.392490999999999983e-44
1.212470000000000027e+03 1.362014999999999851e-44
1.239839999999999918e+03 1.332459000000000048e-44
1.267529999999999973e+03 1.303784999999999977e-44
1.295509999999999991e+03 1.275953999999999951e-44
1.323809999999999945e+03 1.248931000000000135e-44
1.352410000000000082e+03 1.222647999999999787e-44
1.381319999999999936e+03 1.197145999999999768e-44
1.410529999999999973e+03 1.172359000000000012e-44
1.440049999999999955e+03 1.148257999999999965e-44
1.469869999999999891e+03 1.124815999999999996e-44
1.500000000000000000e+03 1.102008999999999991e-44
-----------------------

