gas_composition
-----------------------
N2 1.0
-----------------------

Mobility *N (1/m/V/s)
-----------------------
1.000000000000000000e+00 3.840199999999999897e+24
1.152940000000000076e+00 3.574839999999999767e+24
1.611769999999999925e+00 3.071909999999999885e+24
2.376489999999999991e+00 2.663680000000000201e+24
3.447099999999999831e+00 2.380540000000000026e+24
4.823590000000000266e+00 2.174910000000000131e+24
6.505969999999999587e+00 2.016569999999999989e+24
8.494229999999999947e+00 1.889790000000000114e+24
1.078839999999999932e+01 1.785589999999999965e+24
1.338840000000000074e+01 1.698190000000000042e+24
1.629439999999999955e+01 1.623479999999999935e+24
1.950619999999999976e+01 1.558439999999999906e+24
2.302390000000000114e+01 1.500530000000000025e+24
2.684750000000000014e+01 1.447920000000000105e+24
3.097690000000000055e+01 1.398980000000000125e+24
3.541230000000000189e+01 1.353349999999999894e+24
4.015359999999999729e+01 1.310209999999999886e+24
4.520069999999999766e+01 1.269820000000000077e+24
5.055369999999999919e+01 1.231949999999999992e+24
5.621260000000000190e+01 1.196919999999999952e+24
6.217739999999999867e+01 1.166279999999999964e+24
6.844809999999999661e+01 1.140139999999999947e+24
7.502469999999999573e+01 1.119050000000000018e+24
8.190720000000000312e+01 1.102609999999999983e+24
8.909550000000000125e+01 1.090659999999999949e+24
9.658969999999999345e+01 1.082710000000000007e+24
1.043900000000000006e+02 1.077410000000000046e+24
1.124959999999999951e+02 1.073989999999999977e+24
1.209080000000000013e+02 1.071540000000000028e+24
1.296260000000000048e+02 1.069039999999999971e+24
1.386490000000000009e+02 1.066540000000000047e+24
1.479790000000000134e+02 1.063390000000000055e+24
1.576140000000000043e+02 1.059360000000000059e+24
1.675560000000000116e+02 1.054420000000000020e+24
1.778029999999999973e+02 1.048530000000000067e+24
1.883559999999999945e+02 1.041750000000000007e+24
1.992150000000000034e+02 1.034310000000000045e+24
2.103799999999999955e+02 1.025989999999999944e+24
2.218509999999999991e+02 1.017070000000000017e+24
2.336270000000000095e+02 1.007630000000000009e+24
2.457100000000000080e+02 9.977669999999999709e+23
2.580980000000000132e+02 9.874030000000000454e+23
2.707919999999999732e+02 9.769569999999999526e+23
2.837930000000000064e+02 9.663160000000000136e+23
2.970989999999999895e+02 9.555349999999999856e+23
3.107110000000000127e+02 9.448729999999999662e+23
3.246290000000000191e+02 9.339430000000000254e+23
3.388519999999999754e+02 9.230019999999999722e+23
3.533820000000000050e+02 9.120809999999999893e+23
3.682180000000000177e+02 9.012069999999999499e+23
3.833589999999999804e+02 8.902920000000000283e+23
3.988059999999999832e+02 8.795820000000000551e+23
4.145590000000000259e+02 8.689720000000000304e+23
4.306190000000000282e+02 8.584759999999999633e+23
4.469830000000000041e+02 8.480320000000000252e+23
4.636539999999999964e+02 8.377930000000000354e+23
4.806309999999999718e+02 8.276940000000000005e+23
4.979139999999999873e+02 8.177389999999999615e+23
5.155019999999999527e+02 8.079329999999999693e+23
5.333970000000000482e+02 7.983119999999999895e+23
5.515969999999999800e+02 7.888130000000000490e+23
5.701029999999999518e+02 7.794699999999999586e+23
5.889149999999999636e+02 7.702860000000000173e+23
6.080330000000000155e+02 7.613180000000000026e+23
6.274569999999999936e+02 7.524480000000000503e+23
6.471870000000000118e+02 7.437369999999999788e+23
6.672219999999999800e+02 7.351850000000000564e+23
6.875639999999999645e+02 7.267899999999999942e+23
7.082110000000000127e+02 7.184909999999999740e+23
7.291639999999999873e+02 7.104100000000000351e+23
7.504239999999999782e+02 7.024830000000000600e+23
7.719890000000000327e+02 6.947080000000000283e+23
7.938600000000000136e+02 6.870830000000000537e+23
8.160359999999999445e+02 6.796169999999999599e+23
8.385190000000000055e+02 6.722850000000000280e+23
8.613079999999999927e+02 6.650979999999999680e+23
8.844020000000000437e+02 6.580540000000000278e+23
9.078029999999999973e+02 6.511500000000000425e+23
9.315090000000000146e+02 6.443929999999999494e+23
9.555209999999999582e+02 6.377639999999999570e+23
9.798390000000000555e+02 6.312700000000000026e+23
1.004460000000000036e+03 6.249070000000000454e+23
1.029390000000000100e+03 6.186739999999999408e+23
1.054630000000000109e+03 6.125329999999999714e+23
1.080170000000000073e+03 6.065550000000000579e+23
1.106019999999999982e+03 6.006999999999999927e+23
1.132170000000000073e+03 5.949669999999999667e+23
1.158630000000000109e+03 5.893699999999999890e+23
1.185400000000000091e+03 5.838710000000000066e+23
1.212470000000000027e+03 5.784869999999999919e+23
1.239839999999999918e+03 5.732159999999999916e+23
1.267529999999999973e+03 5.680549999999999751e+23
1.295509999999999991e+03 5.630079999999999832e+23
1.323809999999999945e+03 5.580630000000000275e+23
1.352410000000000082e+03 5.532219999999999942e+23
1.381319999999999936e+03 5.484829999999999971e+23
1.410529999999999973e+03 5.438450000000000260e+23
1.440049999999999955e+03 5.393299999999999701e+23
1.469869999999999891e+03 5.348850000000000260e+23
1.500000000000000000e+03 5.305359999999999895e+23
-----------------------

Townsend ioniz. coef. alpha/N (m2)
-----------------------
1.000000000000000000e+00 0.000000000000000000e+00
1.152940000000000076e+00 0.000000000000000000e+00
1.611769999999999925e+00 0.000000000000000000e+00
2.376489999999999991e+00 0.000000000000000000e+00
3.447099999999999831e+00 0.000000000000000000e+00
4.823590000000000266e+00 0.000000000000000000e+00
6.505969999999999587e+00 0.000000000000000000e+00
8.494229999999999947e+00 0.000000000000000000e+00
1.078839999999999932e+01 0.000000000000000000e+00
1.338840000000000074e+01 0.000000000000000000e+00
1.629439999999999955e+01 0.000000000000000000e+00
1.950619999999999976e+01 0.000000000000000000e+00
2.302390000000000114e+01 0.000000000000000000e+00
2.684750000000000014e+01 0.000000000000000000e+00
3.097690000000000055e+01 0.000000000000000000e+00
3.541230000000000189e+01 1.595720000000000139e-30
4.015359999999999729e+01 2.606160000000000278e-29
4.520069999999999766e+01 2.771020000000000119e-28
5.055369999999999919e+01 2.018070000000000061e-27
5.621260000000000190e+01 1.098610000000000005e-26
6.217739999999999867e+01 4.704170000000000006e-26
6.844809999999999661e+01 1.649530000000000004e-25
7.502469999999999573e+01 4.888250000000000164e-25
8.190720000000000312e+01 1.254320000000000085e-24
8.909550000000000125e+01 2.847189999999999901e-24
9.658969999999999345e+01 5.826260000000000199e-24
1.043900000000000006e+02 1.089089999999999938e-23
1.124959999999999951e+02 1.887259999999999928e-23
1.209080000000000013e+02 3.067110000000000086e-23
1.296260000000000048e+02 4.719350000000000184e-23
1.386490000000000009e+02 6.938460000000000320e-23
1.479790000000000134e+02 9.810380000000000343e-23
1.576140000000000043e+02 1.341760000000000021e-22
1.675560000000000116e+02 1.783490000000000058e-22
1.778029999999999973e+02 2.313119999999999828e-22
1.883559999999999945e+02 2.936860000000000071e-22
1.992150000000000034e+02 3.660440000000000032e-22
2.103799999999999955e+02 4.488189999999999758e-22
2.218509999999999991e+02 5.424530000000000226e-22
2.336270000000000095e+02 6.472999999999999665e-22
2.457100000000000080e+02 7.636569999999999994e-22
2.580980000000000132e+02 8.916910000000000605e-22
2.707919999999999732e+02 1.031729999999999997e-21
2.837930000000000064e+02 1.183839999999999957e-21
2.970989999999999895e+02 1.348119999999999972e-21
3.107110000000000127e+02 1.524729999999999978e-21
3.246290000000000191e+02 1.713430000000000072e-21
3.388519999999999754e+02 1.914329999999999998e-21
3.533820000000000050e+02 2.127370000000000015e-21
3.682180000000000177e+02 2.352450000000000116e-21
3.833589999999999804e+02 2.589450000000000070e-21
3.988059999999999832e+02 2.838260000000000131e-21
4.145590000000000259e+02 3.098719999999999990e-21
4.306190000000000282e+02 3.370630000000000009e-21
4.469830000000000041e+02 3.653730000000000247e-21
4.636539999999999964e+02 3.947959999999999647e-21
4.806309999999999718e+02 4.253009999999999957e-21
4.979139999999999873e+02 4.568689999999999775e-21
5.155019999999999527e+02 4.894710000000000322e-21
5.333970000000000482e+02 5.230849999999999854e-21
5.515969999999999800e+02 5.576820000000000347e-21
5.701029999999999518e+02 5.932389999999999943e-21
5.889149999999999636e+02 6.297249999999999638e-21
6.080330000000000155e+02 6.671169999999999832e-21
6.274569999999999936e+02 7.053839999999999262e-21
6.471870000000000118e+02 7.445009999999999607e-21
6.672219999999999800e+02 7.844369999999999604e-21
6.875639999999999645e+02 8.251640000000000592e-21
7.082110000000000127e+02 8.666579999999999845e-21
7.291639999999999873e+02 9.088839999999999411e-21
7.504239999999999782e+02 9.518169999999999463e-21
7.719890000000000327e+02 9.954269999999999604e-21
7.938600000000000136e+02 1.039680000000000049e-20
8.160359999999999445e+02 1.084560000000000031e-20
8.385190000000000055e+02 1.130019999999999974e-20
8.613079999999999927e+02 1.176060000000000029e-20
8.844020000000000437e+02 1.222619999999999966e-20
9.078029999999999973e+02 1.269689999999999974e-20
9.315090000000000146e+02 1.317230000000000049e-20
9.555209999999999582e+02 1.365219999999999964e-20
9.798390000000000555e+02 1.413630000000000131e-20
1.004460000000000036e+03 1.462420000000000097e-20
1.029390000000000100e+03 1.511580000000000049e-20
1.054630000000000109e+03 1.561070000000000134e-20
1.080170000000000073e+03 1.610870000000000126e-20
1.106019999999999982e+03 1.660939999999999872e-20
1.132170000000000073e+03 1.711260000000000048e-20
1.158630000000000109e+03 1.761789999999999898e-20
1.185400000000000091e+03 1.812519999999999911e-20
1.212470000000000027e+03 1.863409999999999935e-20
1.239839999999999918e+03 1.914440000000000042e-20
1.267529999999999973e+03 1.965590000000000007e-20
1.295509999999999991e+03 2.016800000000000051e-20
1.323809999999999945e+03 2.068079999999999986e-20
1.352410000000000082e+03 2.119389999999999961e-20
1.381319999999999936e+03 2.170710000000000049e-20
1.410529999999999973e+03 2.222000000000000098e-20
1.440049999999999955e+03 2.273230000000000068e-20
1.469869999999999891e+03 2.324399999999999959e-20
1.500000000000000000e+03 2.375480000000000032e-20
-----------------------

Townsend attach. coef. eta/N (m2)
-----------------------
1.000000000000000000e+00 0.000000000000000000e+00
1.152940000000000076e+00 0.000000000000000000e+00
1.611769999999999925e+00 0.000000000000000000e+00
2.376489999999999991e+00 0.000000000000000000e+00
3.447099999999999831e+00 0.000000000000000000e+00
4.823590000000000266e+00 0.000000000000000000e+00
6.505969999999999587e+00 0.000000000000000000e+00
8.494229999999999947e+00 0.000000000000000000e+00
1.078839999999999932e+01 0.000000000000000000e+00
1.338840000000000074e+01 0.000000000000000000e+00
1.629439999999999955e+01 0.000000000000000000e+00
1.950619999999999976e+01 0.000000000000000000e+00
2.302390000000000114e+01 0.000000000000000000e+00
2.684750000000000014e+01 0.000000000000000000e+00
3.097690000000000055e+01 0.000000000000000000e+00
3.541230000000000189e+01 0.000000000000000000e+00
4.015359999999999729e+01 0.000000000000000000e+00
4.520069999999999766e+01 0.000000000000000000e+00
5.055369999999999919e+01 0.000000000000000000e+00
5.621260000000000190e+01 0.000000000000000000e+00
6.217739999999999867e+01 0.000000000000000000e+00
6.844809999999999661e+01 0.000000000000000000e+00
7.502469999999999573e+01 0.000000000000000000e+00
8.190720000000000312e+01 0.000000000000000000e+00
8.909550000000000125e+01 0.000000000000000000e+00
9.658969999999999345e+01 0.000000000000000000e+00
1.043900000000000006e+02 0.000000000000000000e+00
1.124959999999999951e+02 0.000000000000000000e+00
1.209080000000000013e+02 0.000000000000000000e+00
1.296260000000000048e+02 0.000000000000000000e+00
1.386490000000000009e+02 0.000000000000000000e+00
1.479790000000000134e+02 0.000000000000000000e+00
1.576140000000000043e+02 0.000000000000000000e+00
1.675560000000000116e+02 0.000000000000000000e+00
1.778029999999999973e+02 0.000000000000000000e+00
1.883559999999999945e+02 0.000000000000000000e+00
1.992150000000000034e+02 0.000000000000000000e+00
2.103799999999999955e+02 0.000000000000000000e+00
2.218509999999999991e+02 0.000000000000000000e+00
2.336270000000000095e+02 0.000000000000000000e+00
2.457100000000000080e+02 0.000000000000000000e+00
2.580980000000000132e+02 0.000000000000000000e+00
2.707919999999999732e+02 0.000000000000000000e+00
2.837930000000000064e+02 0.000000000000000000e+00
2.970989999999999895e+02 0.000000000000000000e+00
3.107110000000000127e+02 0.000000000000000000e+00
3.246290000000000191e+02 0.000000000000000000e+00
3.388519999999999754e+02 0.000000000000000000e+00
3.533820000000000050e+02 0.000000000000000000e+00
3.682180000000000177e+02 0.000000000000000000e+00
3.833589999999999804e+02 0.000000000000000000e+00
3.988059999999999832e+02 0.000000000000000000e+00
4.145590000000000259e+02 0.000000000000000000e+00
4.306190000000000282e+02 0.000000000000000000e+00
4.469830000000000041e+02 0.000000000000000000e+00
4.636539999999999964e+02 0.000000000000000000e+00
4.806309999999999718e+02 0.000000000000000000e+00
4.979139999999999873e+02 0.000000000000000000e+00
5.155019999999999527e+02 0.000000000000000000e+00
5.333970000000000482e+02 0.000000000000000000e+00
5.515969999999999800e+02 0.000000000000000000e+00
5.701029999999999518e+02 0.000000000000000000e+00
5.889149999999999636e+02 0.000000000000000000e+00
6.080330000000000155e+02 0.000000000000000000e+00
6.274569999999999936e+02 0.000000000000000000e+00
6.471870000000000118e+02 0.000000000000000000e+00
6.672219999999999800e+02 0.000000000000000000e+00
6.875639999999999645e+02 0.000000000000000000e+00
7.082110000000000127e+02 0.000000000000000000e+00
7.291639999999999873e+02 0.000000000000000000e+00
7.504239999999999782e+02 0.000000000000000000e+00
7.719890000000000327e+02 0.000000000000000000e+00
7.938600000000000136e+02 0.000000000000000000e+00
8.160359999999999445e+02 0.000000000000000000e+00
8.385190000000000055e+02 0.000000000000000000e+00
8.613079999999999927e+02 0.000000000000000000e+00
8.844020000000000437e+02 0.000000000000000000e+00
9.078029999999999973e+02 0.000000000000000000e+00
9.315090000000000146e+02 0.000000000000000000e+00
9.555209999999999582e+02 0.000000000000000000e+00
9.798390000000000555e+02 0.000000000000000000e+00
1.004460000000000036e+03 0.000000000000000000e+00
1.029390000000000100e+03 0.000000000000000000e+00
1.054630000000000109e+03 0.000000000000000000e+00
1.080170000000000073e+03 0.000000000000000000e+00
1.106019999999999982e+03 0.000000000000000000e+00
1.132170000000000073e+03 0.000000000000000000e+00
1.158630000000000109e+03 0.000000000000000000e+00
1.185400000000000091e+03 0.000000000000000000e+00
1.212470000000000027e+03 0.000000000000000000e+00
1.239839999999999918e+03 0.000000000000000000e+00
1.267529999999999973e+03 0.000000000000000000e+00
1.295509999999999991e+03 0.000000000000000000e+00
1.323809999999999945e+03 0.000000000000000000e+00
1.352410000000000082e+03 0.000000000000000000e+00
1.381319999999999936e+03 0.000000000000000000e+00
1.410529999999999973e+03 0.000000000000000000e+00
1.440049999999999955e+03 0.000000000000000000e+00
1.469869999999999891e+03 0.000000000000000000e+00
1.500000000000000000e+03 0.000000000000000000e+00
-----------------------

Diffusion coefficient *N (1/m/s)
-----------------------
1.000000000000000000e+00 1.289770000000000027e+24
1.152940000000000076e+00 1.324170000000000069e+24
1.611769999999999925e+00 1.412870000000000128e+24
2.376489999999999991e+00 1.513779999999999928e+24
3.447099999999999831e+00 1.592259999999999923e+24
4.823590000000000266e+00 1.643310000000000001e+24
6.505969999999999587e+00 1.674489999999999872e+24
8.494229999999999947e+00 1.693130000000000119e+24
1.078839999999999932e+01 1.703929999999999939e+24
1.338840000000000074e+01 1.709720000000000078e+24
1.629439999999999955e+01 1.712089999999999880e+24
1.950619999999999976e+01 1.711969999999999995e+24
2.302390000000000114e+01 1.710010000000000090e+24
2.684750000000000014e+01 1.706730000000000111e+24
3.097690000000000055e+01 1.702310000000000019e+24
3.541230000000000189e+01 1.697099999999999905e+24
4.015359999999999729e+01 1.692059999999999917e+24
4.520069999999999766e+01 1.688710000000000028e+24
5.055369999999999919e+01 1.689920000000000050e+24
5.621260000000000190e+01 1.699569999999999924e+24
6.217739999999999867e+01 1.722850000000000096e+24
6.844809999999999661e+01 1.764780000000000081e+24
7.502469999999999573e+01 1.829740000000000098e+24
8.190720000000000312e+01 1.919960000000000128e+24
8.909550000000000125e+01 2.035549999999999954e+24
9.658969999999999345e+01 2.174880000000000092e+24
1.043900000000000006e+02 2.332280000000000019e+24
1.124959999999999951e+02 2.503149999999999950e+24
1.209080000000000013e+02 2.682079999999999874e+24
1.296260000000000048e+02 2.863259999999999984e+24
1.386490000000000009e+02 3.044609999999999953e+24
1.479790000000000134e+02 3.222219999999999804e+24
1.576140000000000043e+02 3.393860000000000091e+24
1.675560000000000116e+02 3.558649999999999872e+24
1.778029999999999973e+02 3.715769999999999888e+24
1.883559999999999945e+02 3.865009999999999874e+24
1.992150000000000034e+02 4.007309999999999774e+24
2.103799999999999955e+02 4.141250000000000104e+24
2.218509999999999991e+02 4.268119999999999826e+24
2.336270000000000095e+02 4.388379999999999884e+24
2.457100000000000080e+02 4.502520000000000187e+24
2.580980000000000132e+02 4.610039999999999918e+24
2.707919999999999732e+02 4.713339999999999993e+24
2.837930000000000064e+02 4.811860000000000053e+24
2.970989999999999895e+02 4.906000000000000432e+24
3.107110000000000127e+02 4.997459999999999718e+24
3.246290000000000191e+02 5.083839999999999681e+24
3.388519999999999754e+02 5.166830000000000152e+24
3.533820000000000050e+02 5.246699999999999863e+24
3.682180000000000177e+02 5.323700000000000028e+24
3.833589999999999804e+02 5.397220000000000049e+24
3.988059999999999832e+02 5.469190000000000061e+24
4.145590000000000259e+02 5.538900000000000053e+24
4.306190000000000282e+02 5.606520000000000422e+24
4.469830000000000041e+02 5.671739999999999875e+24
4.636539999999999964e+02 5.735629999999999959e+24
4.806309999999999718e+02 5.797859999999999714e+24
4.979139999999999873e+02 5.858570000000000035e+24
5.155019999999999527e+02 5.917860000000000334e+24
5.333970000000000482e+02 5.976080000000000164e+24
5.515969999999999800e+02 6.032860000000000303e+24
5.701029999999999518e+02 6.088540000000000471e+24
5.889149999999999636e+02 6.143189999999999503e+24
6.080330000000000155e+02 6.197750000000000032e+24
6.274569999999999936e+02 6.250590000000000156e+24
6.471870000000000118e+02 6.302650000000000358e+24
6.672219999999999800e+02 6.353999999999999476e+24
6.875639999999999645e+02 6.404709999999999566e+24
7.082110000000000127e+02 6.454069999999999545e+24
7.291639999999999873e+02 6.503720000000000073e+24
7.504239999999999782e+02 6.552919999999999490e+24
7.719890000000000327e+02 6.601730000000000020e+24
7.938600000000000136e+02 6.650220000000000500e+24
8.160359999999999445e+02 6.698440000000000099e+24
8.385190000000000055e+02 6.746430000000000298e+24
8.613079999999999927e+02 6.794250000000000102e+24
8.844020000000000437e+02 6.841970000000000494e+24
9.078029999999999973e+02 6.889629999999999736e+24
9.315090000000000146e+02 6.937489999999999949e+24
9.555209999999999582e+02 6.985189999999999600e+24
9.798390000000000555e+02 7.032970000000000069e+24
1.004460000000000036e+03 7.080900000000000192e+24
1.029390000000000100e+03 7.128999999999999637e+24
1.054630000000000109e+03 7.176539999999999800e+24
1.080170000000000073e+03 7.225160000000000266e+24
1.106019999999999982e+03 7.274099999999999710e+24
1.132170000000000073e+03 7.323399999999999612e+24
1.158630000000000109e+03 7.373570000000000088e+24
1.185400000000000091e+03 7.423709999999999988e+24
1.212470000000000027e+03 7.474350000000000168e+24
1.239839999999999918e+03 7.525520000000000130e+24
1.267529999999999973e+03 7.577260000000000282e+24
1.295509999999999991e+03 7.629900000000000509e+24
1.323809999999999945e+03 7.682919999999999788e+24
1.352410000000000082e+03 7.736619999999999577e+24
1.381319999999999936e+03 7.791059999999999953e+24
1.410529999999999973e+03 7.846280000000000250e+24
1.440049999999999955e+03 7.903299999999999621e+24
1.469869999999999891e+03 7.960139999999999837e+24
1.500000000000000000e+03 8.017870000000000294e+24
-----------------------

Three-body attachment rate (m6/s)
-----------------------
1.000000000000000000e+00 0.000000000000000000e+00
1.152940000000000076e+00 0.000000000000000000e+00
1.611769999999999925e+00 0.000000000000000000e+00
2.376489999999999991e+00 0.000000000000000000e+00
3.447099999999999831e+00 0.000000000000000000e+00
4.823590000000000266e+00 0.000000000000000000e+00
6.505969999999999587e+00 0.000000000000000000e+00
8.494229999999999947e+00 0.000000000000000000e+00
1.078839999999999932e+01 0.000000000000000000e+00
1.338840000000000074e+01 0.000000000000000000e+00
1.629439999999999955e+01 0.000000000000000000e+00
1.950619999999999976e+01 0.000000000000000000e+00
2.302390000000000114e+01 0.000000000000000000e+00
2.684750000000000014e+01 0.000000000000000000e+00
3.097690000000000055e+01 0.000000000000000000e+00
3.541230000000000189e+01 0.000000000000000000e+00
4.015359999999999729e+01 0.000000000000000000e+00
4.520069999999999766e+01 0.000000000000000000e+00
5.055369999999999919e+01 0.000000000000000000e+00
5.621260000000000190e+01 0.000000000000000000e+00
6.217739999999999867e+01 0.000000000000000000e+00
6.844809999999999661e+01 0.000000000000000000e+00
7.502469999999999573e+01 0.000000000000000000e+00
8.190720000000000312e+01 0.000000000000000000e+00
8.909550000000000125e+01 0.000000000000000000e+00
9.658969999999999345e+01 0.000000000000000000e+00
1.043900000000000006e+02 0.000000000000000000e+00
1.124959999999999951e+02 0.000000000000000000e+00
1.209080000000000013e+02 0.000000000000000000e+00
1.296260000000000048e+02 0.000000000000000000e+00
1.386490000000000009e+02 0.000000000000000000e+00
1.479790000000000134e+02 0.000000000000000000e+00
1.576140000000000043e+02 0.000000000000000000e+00
1.675560000000000116e+02 0.000000000000000000e+00
1.778029999999999973e+02 0.000000000000000000e+00
1.883559999999999945e+02 0.000000000000000000e+00
1.992150000000000034e+02 0.000000000000000000e+00
2.103799999999999955e+02 0.000000000000000000e+00
2.218509999999999991e+02 0.000000000000000000e+00
2.336270000000000095e+02 0.000000000000000000e+00
2.457100000000000080e+02 0.000000000000000000e+00
2.580980000000000132e+02 0.000000000000000000e+00
2.707919999999999732e+02 0.000000000000000000e+00
2.837930000000000064e+02 0.000000000000000000e+00
2.970989999999999895e+02 0.000000000000000000e+00
3.107110000000000127e+02 0.000000000000000000e+00
3.246290000000000191e+02 0.000000000000000000e+00
3.388519999999999754e+02 0.000000000000000000e+00
3.533820000000000050e+02 0.000000000000000000e+00
3.682180000000000177e+02 0.000000000000000000e+00
3.833589999999999804e+02 0.000000000000000000e+00
3.988059999999999832e+02 0.000000000000000000e+00
4.145590000000000259e+02 0.000000000000000000e+00
4.306190000000000282e+02 0.000000000000000000e+00
4.469830000000000041e+02 0.000000000000000000e+00
4.636539999999999964e+02 0.000000000000000000e+00
4.806309999999999718e+02 0.000000000000000000e+00
4.979139999999999873e+02 0.000000000000000000e+00
5.155019999999999527e+02 0.000000000000000000e+00
5.333970000000000482e+02 0.000000000000000000e+00
5.515969999999999800e+02 0.000000000000000000e+00
5.701029999999999518e+02 0.000000000000000000e+00
5.889149999999999636e+02 0.000000000000000000e+00
6.080330000000000155e+02 0.000000000000000000e+00
6.274569999999999936e+02 0.000000000000000000e+00
6.471870000000000118e+02 0.000000000000000000e+00
6.672219999999999800e+02 0.000000000000000000e+00
6.875639999999999645e+02 0.000000000000000000e+00
7.082110000000000127e+02 0.000000000000000000e+00
7.291639999999999873e+02 0.000000000000000000e+00
7.504239999999999782e+02 0.000000000000000000e+00
7.719890000000000327e+02 0.000000000000000000e+00
7.938600000000000136e+02 0.000000000000000000e+00
8.160359999999999445e+02 0.000000000000000000e+00
8.385190000000000055e+02 0.000000000000000000e+00
8.613079999999999927e+02 0.000000000000000000e+00
8.844020000000000437e+02 0.000000000000000000e+00
9.078029999999999973e+02 0.000000000000000000e+00
9.315090000000000146e+02 0.000000000000000000e+00
9.555209999999999582e+02 0.000000000000000000e+00
9.798390000000000555e+02 0.000000000000000000e+00
1.004460000000000036e+03 0.000000000000000000e+00
1.029390000000000100e+03 0.000000000000000000e+00
1.054630000000000109e+03 0.000000000000000000e+00
1.080170000000000073e+03 0.000000000000000000e+00
1.106019999999999982e+03 0.000000000000000000e+00
1.132170000000000073e+03 0.000000000000000000e+00
1.158630000000000109e+03 0.000000000000000000e+00
1.185400000000000091e+03 0.000000000000000000e+00
1.212470000000000027e+03 0.000000000000000000e+00
1.239839999999999918e+03 0.000000000000000000e+00
1.267529999999999973e+03 0.000000000000000000e+00
1.295509999999999991e+03 0.000000000000000000e+00
1.323809999999999945e+03 0.000000000000000000e+00
1.352410000000000082e+03 0.000000000000000000e+00
1.381319999999999936e+03 0.000000000000000000e+00
1.410529999999999973e+03 0.000000000000000000e+00
1.440049999999999955e+03 0.000000000000000000e+00
1.469869999999999891e+03 0.000000000000000000e+00
1.500000000000000000e+03 0.000000000000000000e+00
-----------------------

