Mobility *N (1/m/V/s)
-----------------------
1.000000000000000000e+00 6.215620000000000460e+24
1.152940000000000076e+00 5.921899999999999762e+24
1.611769999999999925e+00 5.231459999999999747e+24
2.376489999999999991e+00 4.378599999999999755e+24
3.447099999999999831e+00 3.540290000000000071e+24
4.823590000000000266e+00 2.895780000000000133e+24
6.505969999999999587e+00 2.465459999999999827e+24
8.494229999999999947e+00 2.184739999999999965e+24
1.078839999999999932e+01 1.996340000000000129e+24
1.338840000000000074e+01 1.864530000000000100e+24
1.629439999999999955e+01 1.768069999999999894e+24
1.950619999999999976e+01 1.694020000000000091e+24
2.302390000000000114e+01 1.634039999999999985e+24
2.684750000000000014e+01 1.583439999999999945e+24
3.097690000000000055e+01 1.538859999999999980e+24
3.541230000000000189e+01 1.498200000000000094e+24
4.015359999999999729e+01 1.460269999999999933e+24
4.520069999999999766e+01 1.424360000000000023e+24
5.055369999999999919e+01 1.390039999999999994e+24
5.621260000000000190e+01 1.357360000000000088e+24
6.217739999999999867e+01 1.326240000000000025e+24
6.844809999999999661e+01 1.296739999999999882e+24
7.502469999999999573e+01 1.268939999999999938e+24
8.190720000000000312e+01 1.242839999999999927e+24
8.909550000000000125e+01 1.218410000000000077e+24
9.658969999999999345e+01 1.195539999999999936e+24
1.043900000000000006e+02 1.174089999999999951e+24
1.124959999999999951e+02 1.153920000000000034e+24
1.209080000000000013e+02 1.134870000000000024e+24
1.296260000000000048e+02 1.116830000000000005e+24
1.386490000000000009e+02 1.099610000000000048e+24
1.479790000000000134e+02 1.083149999999999942e+24
1.576140000000000043e+02 1.067350000000000007e+24
1.675560000000000116e+02 1.052160000000000000e+24
1.778029999999999973e+02 1.037510000000000011e+24
1.883559999999999945e+02 1.023339999999999963e+24
1.992150000000000034e+02 1.009600000000000017e+24
2.103799999999999955e+02 9.963260000000000026e+23
2.218509999999999991e+02 9.834530000000000616e+23
2.336270000000000095e+02 9.709559999999999381e+23
2.457100000000000080e+02 9.588179999999999953e+23
2.580980000000000132e+02 9.470180000000000184e+23
2.707919999999999732e+02 9.355419999999999984e+23
2.837930000000000064e+02 9.243740000000000404e+23
2.970989999999999895e+02 9.134949999999999499e+23
3.107110000000000127e+02 9.029049999999999955e+23
3.246290000000000191e+02 8.925859999999999932e+23
3.388519999999999754e+02 8.825249999999999442e+23
3.533820000000000050e+02 8.727130000000000249e+23
3.682180000000000177e+02 8.631190000000000527e+23
3.833589999999999804e+02 8.537730000000000658e+23
3.988059999999999832e+02 8.446440000000000157e+23
4.145590000000000259e+02 8.357229999999999447e+23
4.306190000000000282e+02 8.270150000000000380e+23
4.469830000000000041e+02 8.184859999999999481e+23
4.636539999999999964e+02 8.101420000000000047e+23
4.806309999999999718e+02 8.019760000000000021e+23
4.979139999999999873e+02 7.939799999999999927e+23
5.155019999999999527e+02 7.861519999999999560e+23
5.333970000000000482e+02 7.784790000000000275e+23
5.515969999999999800e+02 7.709600000000000629e+23
5.701029999999999518e+02 7.635879999999999906e+23
5.889149999999999636e+02 7.563509999999999562e+23
6.080330000000000155e+02 7.492609999999999484e+23
6.274569999999999936e+02 7.423059999999999785e+23
6.471870000000000118e+02 7.354809999999999955e+23
6.672219999999999800e+02 7.287829999999999688e+23
6.875639999999999645e+02 7.221939999999999827e+23
7.082110000000000127e+02 7.157390000000000244e+23
7.291639999999999873e+02 7.094020000000000645e+23
7.504239999999999782e+02 7.031780000000000519e+23
7.719890000000000327e+02 6.970659999999999764e+23
7.938600000000000136e+02 6.910669999999999824e+23
8.160359999999999445e+02 6.851699999999999575e+23
8.385190000000000055e+02 6.793770000000000564e+23
8.613079999999999927e+02 6.736870000000000003e+23
8.844020000000000437e+02 6.680960000000000168e+23
9.078029999999999973e+02 6.626029999999999615e+23
9.315090000000000146e+02 6.572059999999999481e+23
9.555209999999999582e+02 6.519039999999999664e+23
9.798390000000000555e+02 6.466939999999999858e+23
1.004460000000000036e+03 6.415749999999999961e+23
1.029390000000000100e+03 6.365439999999999664e+23
1.054630000000000109e+03 6.315969999999999903e+23
1.080170000000000073e+03 6.267399999999999948e+23
1.106019999999999982e+03 6.219680000000000629e+23
1.132170000000000073e+03 6.172790000000000401e+23
1.158630000000000109e+03 6.126710000000000401e+23
1.185400000000000091e+03 6.081390000000000118e+23
1.212470000000000027e+03 6.036890000000000165e+23
1.239839999999999918e+03 5.993160000000000031e+23
1.267529999999999973e+03 5.950190000000000286e+23
1.295509999999999991e+03 5.907949999999999950e+23
1.323809999999999945e+03 5.866449999999999798e+23
1.352410000000000082e+03 5.825679999999999727e+23
1.381319999999999936e+03 5.785579999999999796e+23
1.410529999999999973e+03 5.746170000000000207e+23
1.440049999999999955e+03 5.707430000000000087e+23
1.469869999999999891e+03 5.669350000000000003e+23
1.500000000000000000e+03 5.631909999999999751e+23
-----------------------

Townsend ioniz. coef. alpha/N (m2)
-----------------------
1.000000000000000000e+00 0.000000000000000000e+00
1.152940000000000076e+00 0.000000000000000000e+00
1.611769999999999925e+00 0.000000000000000000e+00
2.376489999999999991e+00 0.000000000000000000e+00
3.447099999999999831e+00 0.000000000000000000e+00
4.823590000000000266e+00 0.000000000000000000e+00
6.505969999999999587e+00 0.000000000000000000e+00
8.494229999999999947e+00 0.000000000000000000e+00
1.078839999999999932e+01 0.000000000000000000e+00
1.338840000000000074e+01 0.000000000000000000e+00
1.629439999999999955e+01 0.000000000000000000e+00
1.950619999999999976e+01 0.000000000000000000e+00
2.302390000000000114e+01 1.040099999999999914e-31
2.684750000000000014e+01 3.024270000000000147e-30
3.097690000000000055e+01 4.634539999999999925e-29
3.541230000000000189e+01 4.262420000000000059e-28
4.015359999999999729e+01 2.698649999999999904e-27
4.520069999999999766e+01 1.274729999999999980e-26
5.055369999999999919e+01 4.795839999999999871e-26
5.621260000000000190e+01 1.502679999999999915e-25
6.217739999999999867e+01 4.062109999999999822e-25
6.844809999999999661e+01 9.714369999999999688e-25
7.502469999999999573e+01 2.097199999999999940e-24
8.190720000000000312e+01 4.152020000000000238e-24
8.909550000000000125e+01 7.632269999999999981e-24
9.658969999999999345e+01 1.316500000000000038e-23
1.043900000000000006e+02 2.149860000000000103e-23
1.124959999999999951e+02 3.347839999999999925e-23
1.209080000000000013e+02 5.003400000000000270e-23
1.296260000000000048e+02 7.215319999999999664e-23
1.386490000000000009e+02 1.008480000000000054e-22
1.479790000000000134e+02 1.371510000000000023e-22
1.576140000000000043e+02 1.820820000000000079e-22
1.675560000000000116e+02 2.366400000000000059e-22
1.778029999999999973e+02 3.017680000000000052e-22
1.883559999999999945e+02 3.783680000000000102e-22
1.992150000000000034e+02 4.672699999999999888e-22
2.103799999999999955e+02 5.692219999999999940e-22
2.218509999999999991e+02 6.848929999999999910e-22
2.336270000000000095e+02 8.148589999999999900e-22
2.457100000000000080e+02 9.596130000000000184e-22
2.580980000000000132e+02 1.119529999999999912e-21
2.707919999999999732e+02 1.294899999999999952e-21
2.837930000000000064e+02 1.485940000000000081e-21
2.970989999999999895e+02 1.692760000000000043e-21
3.107110000000000127e+02 1.915370000000000139e-21
3.246290000000000191e+02 2.153719999999999990e-21
3.388519999999999754e+02 2.407670000000000075e-21
3.533820000000000050e+02 2.677049999999999972e-21
3.682180000000000177e+02 2.961570000000000149e-21
3.833589999999999804e+02 3.260929999999999836e-21
3.988059999999999832e+02 3.574770000000000214e-21
4.145590000000000259e+02 3.902679999999999640e-21
4.306190000000000282e+02 4.244229999999999627e-21
4.469830000000000041e+02 4.598960000000000224e-21
4.636539999999999964e+02 4.966370000000000268e-21
4.806309999999999718e+02 5.345960000000000105e-21
4.979139999999999873e+02 5.737240000000000194e-21
5.155019999999999527e+02 6.139629999999999969e-21
5.333970000000000482e+02 6.552650000000000004e-21
5.515969999999999800e+02 6.975759999999999436e-21
5.701029999999999518e+02 7.408399999999999434e-21
5.889149999999999636e+02 7.850089999999999816e-21
6.080330000000000155e+02 8.300260000000000133e-21
6.274569999999999936e+02 8.758400000000000616e-21
6.471870000000000118e+02 9.224010000000000105e-21
6.672219999999999800e+02 9.696590000000000448e-21
6.875639999999999645e+02 1.017569999999999966e-20
7.082110000000000127e+02 1.066069999999999951e-20
7.291639999999999873e+02 1.115129999999999972e-20
7.504239999999999782e+02 1.164700000000000062e-20
7.719890000000000327e+02 1.214729999999999956e-20
7.938600000000000136e+02 1.265169999999999989e-20
8.160359999999999445e+02 1.315999999999999933e-20
8.385190000000000055e+02 1.367160000000000011e-20
8.613079999999999927e+02 1.418619999999999883e-20
8.844020000000000437e+02 1.470329999999999883e-20
9.078029999999999973e+02 1.522270000000000086e-20
9.315090000000000146e+02 1.574380000000000111e-20
9.555209999999999582e+02 1.626650000000000147e-20
9.798390000000000555e+02 1.679029999999999926e-20
1.004460000000000036e+03 1.731479999999999898e-20
1.029390000000000100e+03 1.783989999999999949e-20
1.054630000000000109e+03 1.836510000000000113e-20
1.080170000000000073e+03 1.889019999999999863e-20
1.106019999999999982e+03 1.941479999999999948e-20
1.132170000000000073e+03 1.993870000000000142e-20
1.158630000000000109e+03 2.046160000000000103e-20
1.185400000000000091e+03 2.098320000000000094e-20
1.212470000000000027e+03 2.150329999999999888e-20
1.239839999999999918e+03 2.202169999999999859e-20
1.267529999999999973e+03 2.253799999999999854e-20
1.295509999999999991e+03 2.305219999999999873e-20
1.323809999999999945e+03 2.356390000000000065e-20
1.352410000000000082e+03 2.407300000000000014e-20
1.381319999999999936e+03 2.457919999999999983e-20
1.410529999999999973e+03 2.508219999999999932e-20
1.440049999999999955e+03 2.558199999999999860e-20
1.469869999999999891e+03 2.607840000000000143e-20
1.500000000000000000e+03 2.657110000000000139e-20
-----------------------

Townsend attach. coef. eta/N (m2)
-----------------------
1.000000000000000000e+00 8.300410000000000179e-41
1.152940000000000076e+00 7.124499999999999888e-41
1.611769999999999925e+00 4.925720000000000323e-41
2.376489999999999991e+00 3.140650000000000041e-41
3.447099999999999831e+00 1.991410000000000073e-41
4.823590000000000266e+00 1.311879999999999943e-41
6.505969999999999587e+00 9.172409999999999920e-42
8.494229999999999947e+00 6.794109999999999738e-42
1.078839999999999932e+01 5.269749999999999848e-42
1.338840000000000074e+01 3.481560000000000134e-31
1.629439999999999955e+01 2.001160000000000087e-29
1.950619999999999976e+01 4.379970000000000294e-28
2.302390000000000114e+01 4.612060000000000280e-27
2.684750000000000014e+01 2.862600000000000206e-26
3.097690000000000055e+01 1.209520000000000074e-25
3.541230000000000189e+01 3.825510000000000216e-25
4.015359999999999729e+01 9.713379999999999259e-25
4.520069999999999766e+01 2.075730000000000083e-24
5.055369999999999919e+01 3.871270000000000160e-24
5.621260000000000190e+01 6.458170000000000275e-24
6.217739999999999867e+01 9.833050000000000123e-24
6.844809999999999661e+01 1.386219999999999951e-23
7.502469999999999573e+01 1.832079999999999882e-23
8.190720000000000312e+01 2.293270000000000147e-23
8.909550000000000125e+01 2.741860000000000190e-23
9.658969999999999345e+01 3.155229999999999800e-23
1.043900000000000006e+02 3.517679999999999958e-23
1.124959999999999951e+02 3.820119999999999874e-23
1.209080000000000013e+02 4.060390000000000213e-23
1.296260000000000048e+02 4.240760000000000005e-23
1.386490000000000009e+02 4.366079999999999981e-23
1.479790000000000134e+02 4.443039999999999910e-23
1.576140000000000043e+02 4.478679999999999772e-23
1.675560000000000116e+02 4.479969999999999741e-23
1.778029999999999973e+02 4.453079999999999845e-23
1.883559999999999945e+02 4.403710000000000232e-23
1.992150000000000034e+02 4.336630000000000092e-23
2.103799999999999955e+02 4.256070000000000099e-23
2.218509999999999991e+02 4.165359999999999888e-23
2.336270000000000095e+02 4.067309999999999936e-23
2.457100000000000080e+02 3.964280000000000200e-23
2.580980000000000132e+02 3.858009999999999996e-23
2.707919999999999732e+02 3.750059999999999723e-23
2.837930000000000064e+02 3.641610000000000241e-23
2.970989999999999895e+02 3.533590000000000161e-23
3.107110000000000127e+02 3.426749999999999766e-23
3.246290000000000191e+02 3.321639999999999889e-23
3.388519999999999754e+02 3.218699999999999905e-23
3.533820000000000050e+02 3.118250000000000107e-23
3.682180000000000177e+02 3.020559999999999750e-23
3.833589999999999804e+02 2.925699999999999816e-23
3.988059999999999832e+02 2.833829999999999865e-23
4.145590000000000259e+02 2.744989999999999786e-23
4.306190000000000282e+02 2.659230000000000029e-23
4.469830000000000041e+02 2.576500000000000144e-23
4.636539999999999964e+02 2.496789999999999864e-23
4.806309999999999718e+02 2.420059999999999889e-23
4.979139999999999873e+02 2.346230000000000144e-23
5.155019999999999527e+02 2.275259999999999858e-23
5.333970000000000482e+02 2.207029999999999950e-23
5.515969999999999800e+02 2.141479999999999998e-23
5.701029999999999518e+02 2.078519999999999956e-23
5.889149999999999636e+02 2.018060000000000072e-23
6.080330000000000155e+02 1.960010000000000007e-23
6.274569999999999936e+02 1.904289999999999981e-23
6.471870000000000118e+02 1.850799999999999976e-23
6.672219999999999800e+02 1.799449999999999947e-23
6.875639999999999645e+02 1.750180000000000059e-23
7.082110000000000127e+02 1.702870000000000055e-23
7.291639999999999873e+02 1.657450000000000129e-23
7.504239999999999782e+02 1.613849999999999885e-23
7.719890000000000327e+02 1.571990000000000132e-23
7.938600000000000136e+02 1.531799999999999887e-23
8.160359999999999445e+02 1.493189999999999987e-23
8.385190000000000055e+02 1.456119999999999955e-23
8.613079999999999927e+02 1.420500000000000037e-23
8.844020000000000437e+02 1.386280000000000079e-23
9.078029999999999973e+02 1.353399999999999952e-23
9.315090000000000146e+02 1.321789999999999995e-23
9.555209999999999582e+02 1.291400000000000054e-23
9.798390000000000555e+02 1.262179999999999971e-23
1.004460000000000036e+03 1.234080000000000032e-23
1.029390000000000100e+03 1.207049999999999934e-23
1.054630000000000109e+03 1.181060000000000054e-23
1.080170000000000073e+03 1.156039999999999996e-23
1.106019999999999982e+03 1.131950000000000018e-23
1.132170000000000073e+03 1.108749999999999937e-23
1.158630000000000109e+03 1.086419999999999955e-23
1.185400000000000091e+03 1.064910000000000061e-23
1.212470000000000027e+03 1.044179999999999927e-23
1.239839999999999918e+03 1.024210000000000048e-23
1.267529999999999973e+03 1.004949999999999974e-23
1.295509999999999991e+03 9.863929999999999889e-24
1.323809999999999945e+03 9.684929999999999844e-24
1.352410000000000082e+03 9.512250000000000297e-24
1.381319999999999936e+03 9.345679999999999473e-24
1.410529999999999973e+03 9.184949999999999295e-24
1.440049999999999955e+03 9.029810000000000450e-24
1.469869999999999891e+03 8.880029999999999460e-24
1.500000000000000000e+03 8.735389999999999576e-24
-----------------------

Three-body attachment rate (m6/s)
-----------------------
1.000000000000000000e+00 2.456770000000000048e-42
1.152940000000000076e+00 2.316350000000000002e-42
1.611769999999999925e+00 1.977778999999999985e-42
2.376489999999999991e+00 1.556222000000000142e-42
3.447099999999999831e+00 1.157265999999999920e-42
4.823590000000000266e+00 8.725939999999999499e-43
6.505969999999999587e+00 7.006077999999999906e-43
8.494229999999999947e+00 6.003945999999999932e-43
1.078839999999999932e+01 5.404587999999999966e-43
1.338840000000000074e+01 5.029387999999999587e-43
1.629439999999999955e+01 4.782214999999999116e-43
1.950619999999999976e+01 4.610063999999999511e-43
2.302390000000000114e+01 4.482052000000000272e-43
2.684750000000000014e+01 4.379667999999999464e-43
3.097690000000000055e+01 4.290315999999999575e-43
3.541230000000000189e+01 4.204708999999999189e-43
4.015359999999999729e+01 4.114355999999999630e-43
4.520069999999999766e+01 4.011520000000000380e-43
5.055369999999999919e+01 3.889306999999999171e-43
5.621260000000000190e+01 3.743180999999999827e-43
6.217739999999999867e+01 3.571214999999999977e-43
6.844809999999999661e+01 3.375442999999999781e-43
7.502469999999999573e+01 3.160817000000000059e-43
8.190720000000000312e+01 2.934445000000000249e-43
8.909550000000000125e+01 2.704485000000000028e-43
9.658969999999999345e+01 2.478211999999999696e-43
1.043900000000000006e+02 2.261444999999999637e-43
1.124959999999999951e+02 2.058625999999999829e-43
1.209080000000000013e+02 1.872011999999999836e-43
1.296260000000000048e+02 1.702472000000000092e-43
1.386490000000000009e+02 1.550086999999999988e-43
1.479790000000000134e+02 1.413935999999999904e-43
1.576140000000000043e+02 1.292788000000000000e-43
1.675560000000000116e+02 1.185202999999999769e-43
1.778029999999999973e+02 1.089770000000000104e-43
1.883559999999999945e+02 1.005047999999999964e-43
1.992150000000000034e+02 9.298144999999999791e-44
2.103799999999999955e+02 8.627085999999999888e-44
2.218509999999999991e+02 8.027714999999999925e-44
2.336270000000000095e+02 7.490817999999999367e-44
2.457100000000000080e+02 7.008240999999999087e-44
2.580980000000000132e+02 6.573336000000000186e-44
2.707919999999999732e+02 6.179964999999999229e-44
2.837930000000000064e+02 5.822982000000000179e-44
2.970989999999999895e+02 5.497946999999999746e-44
3.107110000000000127e+02 5.201080999999999128e-44
3.246290000000000191e+02 4.929086999999999502e-44
3.388519999999999754e+02 4.679134999999999961e-44
3.533820000000000050e+02 4.448782999999999792e-44
3.682180000000000177e+02 4.236427000000000127e-44
3.833589999999999804e+02 4.039163999999999877e-44
3.988059999999999832e+02 3.855956999999999897e-44
4.145590000000000259e+02 3.685413000000000169e-44
4.306190000000000282e+02 3.525789999999999674e-44
4.469830000000000041e+02 3.377095999999999612e-44
4.636539999999999964e+02 3.237820999999999407e-44
4.806309999999999718e+02 3.107128999999999380e-44
4.979139999999999873e+02 2.984280000000000311e-44
5.155019999999999527e+02 2.868450000000000090e-44
5.333970000000000482e+02 2.759399000000000058e-44
5.515969999999999800e+02 2.656421999999999835e-44
5.701029999999999518e+02 2.559046999999999821e-44
5.889149999999999636e+02 2.467026999999999998e-44
6.080330000000000155e+02 2.379616999999999961e-44
6.274569999999999936e+02 2.296660999999999959e-44
6.471870000000000118e+02 2.217845999999999909e-44
6.672219999999999800e+02 2.142885999999999853e-44
6.875639999999999645e+02 2.071852999999999888e-44
7.082110000000000127e+02 2.003826999999999933e-44
7.291639999999999873e+02 1.938948000000000077e-44
7.504239999999999782e+02 1.877015999999999943e-44
7.719890000000000327e+02 1.817849999999999830e-44
7.938600000000000136e+02 1.761112999999999788e-44
8.160359999999999445e+02 1.706997999999999824e-44
8.385190000000000055e+02 1.655182999999999813e-44
8.613079999999999927e+02 1.605534999999999781e-44
8.844020000000000437e+02 1.557931999999999976e-44
9.078029999999999973e+02 1.512240999999999930e-44
9.315090000000000146e+02 1.468399000000000086e-44
9.555209999999999582e+02 1.426285999999999873e-44
9.798390000000000555e+02 1.385811000000000017e-44
1.004460000000000036e+03 1.346888999999999780e-44
1.029390000000000100e+03 1.309440999999999947e-44
1.054630000000000109e+03 1.273372999999999985e-44
1.080170000000000073e+03 1.238655999999999839e-44
1.106019999999999982e+03 1.205205000000000016e-44
1.132170000000000073e+03 1.172956999999999965e-44
1.158630000000000109e+03 1.141856999999999839e-44
1.185400000000000091e+03 1.111831999999999953e-44
1.212470000000000027e+03 1.082868999999999912e-44
1.239839999999999918e+03 1.054900999999999937e-44
1.267529999999999973e+03 1.027884999999999988e-44
1.295509999999999991e+03 1.001775999999999849e-44
1.323809999999999945e+03 9.765355000000000011e-45
1.352410000000000082e+03 9.520609000000000530e-45
1.381319999999999936e+03 9.284507000000000606e-45
1.410529999999999973e+03 9.056019999999999306e-45
1.440049999999999955e+03 8.834833000000000104e-45
1.469869999999999891e+03 8.620641999999999722e-45
1.500000000000000000e+03 8.413162000000000532e-45
-----------------------

