gas_composition
-----------------------
N2 0.784
O2 0.196
H2O 0.02
-----------------------

Mobility *N (1/m/V/s)
-----------------------
1.000000000000000000e+00 5.597930000000000379e+24
1.152940000000000076e+00 5.421209999999999695e+24
1.611769999999999925e+00 5.017169999999999630e+24
2.376489999999999991e+00 4.513600000000000185e+24
3.447099999999999831e+00 3.899799999999999876e+24
4.823590000000000266e+00 3.243829999999999814e+24
6.505969999999999587e+00 2.705559999999999943e+24
8.494229999999999947e+00 2.330820000000000125e+24
1.078839999999999932e+01 2.080510000000000047e+24
1.338840000000000074e+01 1.910099999999999986e+24
1.629439999999999955e+01 1.789510000000000045e+24
1.950619999999999976e+01 1.700160000000000050e+24
2.302390000000000114e+01 1.630649999999999955e+24
2.684750000000000014e+01 1.573690000000000123e+24
3.097690000000000055e+01 1.524850000000000092e+24
3.541230000000000189e+01 1.481630000000000072e+24
4.015359999999999729e+01 1.442090000000000094e+24
4.520069999999999766e+01 1.405419999999999930e+24
5.055369999999999919e+01 1.370960000000000080e+24
5.621260000000000190e+01 1.338519999999999943e+24
6.217739999999999867e+01 1.307959999999999969e+24
6.844809999999999661e+01 1.279320000000000027e+24
7.502469999999999573e+01 1.252540000000000043e+24
8.190720000000000312e+01 1.227600000000000080e+24
8.909550000000000125e+01 1.204410000000000023e+24
9.658969999999999345e+01 1.182809999999999981e+24
1.043900000000000006e+02 1.162650000000000031e+24
1.124959999999999951e+02 1.143720000000000040e+24
1.209080000000000013e+02 1.125880000000000052e+24
1.296260000000000048e+02 1.108959999999999941e+24
1.386490000000000009e+02 1.092869999999999994e+24
1.479790000000000134e+02 1.077509999999999994e+24
1.576140000000000043e+02 1.062779999999999993e+24
1.675560000000000116e+02 1.048649999999999951e+24
1.778029999999999973e+02 1.035030000000000024e+24
1.883559999999999945e+02 1.021890000000000037e+24
1.992150000000000034e+02 1.009220000000000024e+24
2.103799999999999955e+02 9.969610000000000522e+23
2.218509999999999991e+02 9.851300000000000267e+23
2.336270000000000095e+02 9.736889999999999620e+23
2.457100000000000080e+02 9.626249999999999934e+23
2.580980000000000132e+02 9.519209999999999473e+23
2.707919999999999732e+02 9.415570000000000218e+23
2.837930000000000064e+02 9.315219999999999701e+23
2.970989999999999895e+02 9.218030000000000621e+23
3.107110000000000127e+02 9.123740000000000320e+23
3.246290000000000191e+02 9.032480000000000126e+23
3.388519999999999754e+02 8.944000000000000168e+23
3.533820000000000050e+02 8.858180000000000561e+23
3.682180000000000177e+02 8.774889999999999976e+23
3.833589999999999804e+02 8.694239999999999539e+23
3.988059999999999832e+02 8.615690000000000438e+23
4.145590000000000259e+02 8.539380000000000079e+23
4.306190000000000282e+02 8.465200000000000021e+23
4.469830000000000041e+02 8.393059999999999345e+23
4.636539999999999964e+02 8.322599999999999738e+23
4.806309999999999718e+02 8.254280000000000535e+23
4.979139999999999873e+02 8.187759999999999602e+23
5.155019999999999527e+02 8.122939999999999942e+23
5.333970000000000482e+02 8.059769999999999704e+23
5.515969999999999800e+02 7.998089999999999934e+23
5.701029999999999518e+02 7.937990000000000212e+23
5.889149999999999636e+02 7.879350000000000653e+23
6.080330000000000155e+02 7.822090000000000438e+23
6.274569999999999936e+02 7.766180000000000603e+23
6.471870000000000118e+02 7.711550000000000433e+23
6.672219999999999800e+02 7.658260000000000540e+23
6.875639999999999645e+02 7.606059999999999712e+23
7.082110000000000127e+02 7.555020000000000005e+23
7.291639999999999873e+02 7.505089999999999567e+23
7.504239999999999782e+02 7.456239999999999434e+23
7.719890000000000327e+02 7.408430000000000537e+23
7.938600000000000136e+02 7.361700000000000603e+23
8.160359999999999445e+02 7.315870000000000474e+23
8.385190000000000055e+02 7.270990000000000663e+23
8.613079999999999927e+02 7.227029999999999520e+23
8.844020000000000437e+02 7.183959999999999423e+23
9.078029999999999973e+02 7.141760000000000168e+23
9.315090000000000146e+02 7.100310000000000527e+23
9.555209999999999582e+02 7.059769999999999452e+23
9.798390000000000555e+02 7.020029999999999845e+23
1.004460000000000036e+03 6.981070000000000160e+23
1.029390000000000100e+03 6.942870000000000191e+23
1.054630000000000109e+03 6.905399999999999633e+23
1.080170000000000073e+03 6.868649999999999725e+23
1.106019999999999982e+03 6.832600000000000262e+23
1.132170000000000073e+03 6.797239999999999801e+23
1.158630000000000109e+03 6.762549999999999478e+23
1.185400000000000091e+03 6.728510000000000433e+23
1.212470000000000027e+03 6.695109999999999877e+23
1.239839999999999918e+03 6.662330000000000291e+23
1.267529999999999973e+03 6.630170000000000333e+23
1.295509999999999991e+03 6.598599999999999696e+23
1.323809999999999945e+03 6.567599999999999518e+23
1.352410000000000082e+03 6.537190000000000003e+23
1.381319999999999936e+03 6.507329999999999400e+23
1.410529999999999973e+03 6.478020000000000393e+23
1.440049999999999955e+03 6.449250000000000197e+23
1.469869999999999891e+03 6.420999999999999948e+23
1.500000000000000000e+03 6.393259999999999544e+23
-----------------------

Townsend ioniz. coef. alpha/N (m2)
-----------------------
1.000000000000000000e+00 0.000000000000000000e+00
1.152940000000000076e+00 0.000000000000000000e+00
1.611769999999999925e+00 0.000000000000000000e+00
2.376489999999999991e+00 0.000000000000000000e+00
3.447099999999999831e+00 0.000000000000000000e+00
4.823590000000000266e+00 0.000000000000000000e+00
6.505969999999999587e+00 0.000000000000000000e+00
8.494229999999999947e+00 0.000000000000000000e+00
1.078839999999999932e+01 0.000000000000000000e+00
1.338840000000000074e+01 0.000000000000000000e+00
1.629439999999999955e+01 0.000000000000000000e+00
1.950619999999999976e+01 4.221769999999999948e-35
2.302390000000000114e+01 9.264970000000000267e-32
2.684750000000000014e+01 2.786340000000000172e-30
3.097690000000000055e+01 4.352839999999999994e-29
3.541230000000000189e+01 4.081110000000000385e-28
4.015359999999999729e+01 2.622569999999999985e-27
4.520069999999999766e+01 1.255139999999999931e-26
5.055369999999999919e+01 4.775279999999999763e-26
5.621260000000000190e+01 1.510269999999999912e-25
6.217739999999999867e+01 4.112600000000000111e-25
6.844809999999999661e+01 9.895849999999999578e-25
7.502469999999999573e+01 2.145549999999999940e-24
8.190720000000000312e+01 4.259850000000000107e-24
8.909550000000000125e+01 7.840300000000000485e-24
9.658969999999999345e+01 1.352390000000000092e-23
1.043900000000000006e+02 2.206130000000000081e-23
1.124959999999999951e+02 3.428750000000000128e-23
1.209080000000000013e+02 5.111399999999999817e-23
1.296260000000000048e+02 7.347550000000000567e-23
1.386490000000000009e+02 1.023240000000000020e-22
1.479790000000000134e+02 1.386060000000000098e-22
1.576140000000000043e+02 1.832340000000000047e-22
1.675560000000000116e+02 2.370919999999999818e-22
1.778029999999999973e+02 3.009609999999999973e-22
1.883559999999999945e+02 3.755759999999999990e-22
1.992150000000000034e+02 4.616010000000000362e-22
2.103799999999999955e+02 5.595919999999999863e-22
2.218509999999999991e+02 6.700039999999999816e-22
2.336270000000000095e+02 7.932219999999999710e-22
2.457100000000000080e+02 9.294950000000000908e-22
2.580980000000000132e+02 1.079070000000000059e-21
2.707919999999999732e+02 1.241959999999999912e-21
2.837930000000000064e+02 1.418239999999999934e-21
2.970989999999999895e+02 1.607840000000000085e-21
3.107110000000000127e+02 1.810609999999999978e-21
3.246290000000000191e+02 2.026370000000000017e-21
3.388519999999999754e+02 2.254870000000000185e-21
3.533820000000000050e+02 2.495810000000000087e-21
3.682180000000000177e+02 2.748860000000000116e-21
3.833589999999999804e+02 3.013580000000000168e-21
3.988059999999999832e+02 3.289779999999999970e-21
4.145590000000000259e+02 3.576849999999999744e-21
4.306190000000000282e+02 3.874420000000000183e-21
4.469830000000000041e+02 4.182059999999999793e-21
4.636539999999999964e+02 4.499199999999999627e-21
4.806309999999999718e+02 4.825719999999999830e-21
4.979139999999999873e+02 5.160839999999999824e-21
5.155019999999999527e+02 5.504229999999999628e-21
5.333970000000000482e+02 5.855440000000000151e-21
5.515969999999999800e+02 6.213840000000000265e-21
5.701029999999999518e+02 6.579520000000000238e-21
5.889149999999999636e+02 6.951600000000000615e-21
6.080330000000000155e+02 7.329809999999999839e-21
6.274569999999999936e+02 7.713730000000000665e-21
6.471870000000000118e+02 8.102990000000000399e-21
6.672219999999999800e+02 8.497089999999999387e-21
6.875639999999999645e+02 8.895959999999999843e-21
7.082110000000000127e+02 9.298989999999999358e-21
7.291639999999999873e+02 9.705880000000000547e-21
7.504239999999999782e+02 1.011629999999999967e-20
7.719890000000000327e+02 1.052990000000000026e-20
7.938600000000000136e+02 1.094640000000000067e-20
8.160359999999999445e+02 1.136560000000000012e-20
8.385190000000000055e+02 1.178700000000000046e-20
8.613079999999999927e+02 1.221039999999999942e-20
8.844020000000000437e+02 1.263560000000000075e-20
9.078029999999999973e+02 1.306219999999999991e-20
9.315090000000000146e+02 1.348989999999999952e-20
9.555209999999999582e+02 1.391869999999999958e-20
9.798390000000000555e+02 1.434829999999999968e-20
1.004460000000000036e+03 1.477830000000000132e-20
1.029390000000000100e+03 1.520860000000000034e-20
1.054630000000000109e+03 1.563900000000000050e-20
1.080170000000000073e+03 1.606910000000000026e-20
1.106019999999999982e+03 1.649880000000000150e-20
1.132170000000000073e+03 1.692819999999999934e-20
1.158630000000000109e+03 1.735669999999999900e-20
1.185400000000000091e+03 1.778439999999999861e-20
1.212470000000000027e+03 1.821100000000000078e-20
1.239839999999999918e+03 1.863630000000000024e-20
1.267529999999999973e+03 1.906029999999999999e-20
1.295509999999999991e+03 1.948269999999999964e-20
1.323809999999999945e+03 1.990329999999999993e-20
1.352410000000000082e+03 2.032219999999999898e-20
1.381319999999999936e+03 2.073909999999999941e-20
1.410529999999999973e+03 2.115400000000000122e-20
1.440049999999999955e+03 2.156660000000000100e-20
1.469869999999999891e+03 2.197699999999999990e-20
1.500000000000000000e+03 2.238490000000000051e-20
-----------------------

Townsend attach. coef. eta/N (m2)
-----------------------
1.000000000000000000e+00 1.199390000000000000e-40
1.152940000000000076e+00 1.025139999999999924e-40
1.611769999999999925e+00 6.965719999999999820e-41
2.376489999999999991e+00 4.336770000000000074e-41
3.447099999999999831e+00 2.660609999999999760e-41
4.823590000000000266e+00 1.657779999999999930e-41
6.505969999999999587e+00 1.082090000000000034e-41
8.494229999999999947e+00 7.534900000000000496e-42
1.078839999999999932e+01 5.579429999999999960e-42
1.338840000000000074e+01 1.430269999999999920e-31
1.629439999999999955e+01 1.787490000000000121e-29
1.950619999999999976e+01 4.182869999999999658e-28
2.302390000000000114e+01 4.609120000000000281e-27
2.684750000000000014e+01 2.956030000000000093e-26
3.097690000000000055e+01 1.280440000000000112e-25
3.541230000000000189e+01 4.124849999999999846e-25
4.015359999999999729e+01 1.062459999999999912e-24
4.520069999999999766e+01 2.297269999999999841e-24
5.055369999999999919e+01 4.326549999999999826e-24
5.621260000000000190e+01 7.278189999999999661e-24
6.217739999999999867e+01 1.115850000000000046e-23
6.844809999999999661e+01 1.583019999999999981e-23
7.502469999999999573e+01 2.103149999999999914e-23
8.190720000000000312e+01 2.644420000000000025e-23
8.909550000000000125e+01 3.172939999999999741e-23
9.658969999999999345e+01 3.661680000000000138e-23
1.043900000000000006e+02 4.091490000000000253e-23
1.124959999999999951e+02 4.450929999999999897e-23
1.209080000000000013e+02 4.737319999999999995e-23
1.296260000000000048e+02 4.952930000000000165e-23
1.386490000000000009e+02 5.103519999999999803e-23
1.479790000000000134e+02 5.197059999999999850e-23
1.576140000000000043e+02 5.241979999999999980e-23
1.675560000000000116e+02 5.246600000000000169e-23
1.778029999999999973e+02 5.218230000000000240e-23
1.883559999999999945e+02 5.163660000000000276e-23
1.992150000000000034e+02 5.088650000000000258e-23
2.103799999999999955e+02 4.998059999999999716e-23
2.218509999999999991e+02 4.895800000000000207e-23
2.336270000000000095e+02 4.785210000000000162e-23
2.457100000000000080e+02 4.668939999999999913e-23
2.580980000000000132e+02 4.549189999999999857e-23
2.707919999999999732e+02 4.427570000000000257e-23
2.837930000000000064e+02 4.305470000000000217e-23
2.970989999999999895e+02 4.183939999999999780e-23
3.107110000000000127e+02 4.063810000000000185e-23
3.246290000000000191e+02 3.945679999999999775e-23
3.388519999999999754e+02 3.830020000000000194e-23
3.533820000000000050e+02 3.717169999999999917e-23
3.682180000000000177e+02 3.607370000000000044e-23
3.833589999999999804e+02 3.500810000000000052e-23
3.988059999999999832e+02 3.397489999999999941e-23
4.145590000000000259e+02 3.297539999999999939e-23
4.306190000000000282e+02 3.200930000000000130e-23
4.469830000000000041e+02 3.107649999999999953e-23
4.636539999999999964e+02 3.017690000000000024e-23
4.806309999999999718e+02 2.930910000000000141e-23
4.979139999999999873e+02 2.847279999999999799e-23
5.155019999999999527e+02 2.766699999999999862e-23
5.333970000000000482e+02 2.689099999999999935e-23
5.515969999999999800e+02 2.614380000000000000e-23
5.701029999999999518e+02 2.542410000000000121e-23
5.889149999999999636e+02 2.473119999999999904e-23
6.080330000000000155e+02 2.406409999999999918e-23
6.274569999999999936e+02 2.342180000000000146e-23
6.471870000000000118e+02 2.280329999999999981e-23
6.672219999999999800e+02 2.220779999999999939e-23
6.875639999999999645e+02 2.163410000000000055e-23
7.082110000000000127e+02 2.108149999999999936e-23
7.291639999999999873e+02 2.054910000000000124e-23
7.504239999999999782e+02 2.003619999999999929e-23
7.719890000000000327e+02 1.954179999999999922e-23
7.938600000000000136e+02 1.906549999999999919e-23
8.160359999999999445e+02 1.860599999999999985e-23
8.385190000000000055e+02 1.816289999999999936e-23
8.613079999999999927e+02 1.773539999999999993e-23
8.844020000000000437e+02 1.732309999999999972e-23
9.078029999999999973e+02 1.692510000000000121e-23
9.315090000000000146e+02 1.654099999999999964e-23
9.555209999999999582e+02 1.617019999999999958e-23
9.798390000000000555e+02 1.581200000000000005e-23
1.004460000000000036e+03 1.546609999999999891e-23
1.029390000000000100e+03 1.513180000000000105e-23
1.054630000000000109e+03 1.480880000000000142e-23
1.080170000000000073e+03 1.449660000000000138e-23
1.106019999999999982e+03 1.419469999999999939e-23
1.132170000000000073e+03 1.390269999999999948e-23
1.158630000000000109e+03 1.362029999999999955e-23
1.185400000000000091e+03 1.334690000000000124e-23
1.212470000000000027e+03 1.308240000000000043e-23
1.239839999999999918e+03 1.282639999999999968e-23
1.267529999999999973e+03 1.257840000000000039e-23
1.295509999999999991e+03 1.233829999999999987e-23
1.323809999999999945e+03 1.210570000000000071e-23
1.352410000000000082e+03 1.188029999999999933e-23
1.381319999999999936e+03 1.166190000000000068e-23
1.410529999999999973e+03 1.145010000000000000e-23
1.440049999999999955e+03 1.124480000000000049e-23
1.469869999999999891e+03 1.104560000000000032e-23
1.500000000000000000e+03 1.085249999999999949e-23
-----------------------

Three-body attachment rate (m6/s)
-----------------------
1.000000000000000000e+00 3.425563999999999410e-42
1.152940000000000076e+00 3.269110000000000008e-42
1.611769999999999925e+00 2.873907999999999850e-42
2.376489999999999991e+00 2.373397999999999785e-42
3.447099999999999831e+00 1.824822000000000069e-42
4.823590000000000266e+00 1.323420999999999929e-42
6.505969999999999587e+00 9.718008999999999659e-43
8.494229999999999947e+00 7.611226999999998396e-43
1.078839999999999932e+01 6.389410999999999629e-43
1.338840000000000074e+01 5.660994999999999543e-43
1.629439999999999955e+01 5.205880999999999356e-43
1.950619999999999976e+01 4.906208999999999738e-43
2.302390000000000114e+01 4.697317999999999600e-43
2.684750000000000014e+01 4.541942999999999683e-43
3.097690000000000055e+01 4.417062999999999475e-43
3.541230000000000189e+01 4.307421999999999645e-43
4.015359999999999729e+01 4.200620000000000167e-43
4.520069999999999766e+01 4.086788999999999571e-43
5.055369999999999919e+01 3.957330000000000257e-43
5.621260000000000190e+01 3.806356000000000056e-43
6.217739999999999867e+01 3.631110999999999877e-43
6.844809999999999661e+01 3.432503999999999878e-43
7.502469999999999573e+01 3.215261000000000067e-43
8.190720000000000312e+01 2.985955000000000182e-43
8.909550000000000125e+01 2.752768999999999949e-43
9.658969999999999345e+01 2.522987999999999852e-43
1.043900000000000006e+02 2.302579999999999858e-43
1.124959999999999951e+02 2.096190000000000183e-43
1.209080000000000013e+02 1.906185999999999927e-43
1.296260000000000048e+02 1.733700999999999988e-43
1.386490000000000009e+02 1.578659999999999808e-43
1.479790000000000134e+02 1.440262999999999881e-43
1.576140000000000043e+02 1.317269999999999925e-43
1.675560000000000116e+02 1.208115999999999965e-43
1.778029999999999973e+02 1.111553000000000014e-43
1.883559999999999945e+02 1.026000999999999825e-43
1.992150000000000034e+02 9.501024999999999824e-44
2.103799999999999955e+02 8.826684999999999514e-44
2.218509999999999991e+02 8.225572999999999864e-44
2.336270000000000095e+02 7.688440999999999843e-44
2.457100000000000080e+02 7.207054999999999278e-44
2.580980000000000132e+02 6.773845999999999849e-44
2.707919999999999732e+02 6.383369999999999779e-44
2.837930000000000064e+02 6.029887999999999530e-44
2.970989999999999895e+02 5.708853000000000615e-44
3.107110000000000127e+02 5.416602999999999811e-44
3.246290000000000191e+02 5.149185999999999813e-44
3.388519999999999754e+02 4.903973999999999018e-44
3.533820000000000050e+02 4.678449000000000003e-44
3.682180000000000177e+02 4.470428999999999478e-44
3.833589999999999804e+02 4.277405999999999901e-44
3.988059999999999832e+02 4.098995999999999936e-44
4.145590000000000259e+02 3.933141000000000205e-44
4.306190000000000282e+02 3.778566000000000094e-44
4.469830000000000041e+02 3.634172999999999834e-44
4.636539999999999964e+02 3.499581999999999436e-44
4.806309999999999718e+02 3.372710999999999906e-44
4.979139999999999873e+02 3.253481999999999876e-44
5.155019999999999527e+02 3.141207999999999549e-44
5.333970000000000482e+02 3.035295999999999908e-44
5.515969999999999800e+02 2.935485000000000206e-44
5.701029999999999518e+02 2.840733999999999949e-44
5.889149999999999636e+02 2.750943000000000320e-44
6.080330000000000155e+02 2.665713999999999749e-44
6.274569999999999936e+02 2.584705000000000087e-44
6.471870000000000118e+02 2.507608999999999536e-44
6.672219999999999800e+02 2.433858000000000029e-44
6.875639999999999645e+02 2.363786999999999847e-44
7.082110000000000127e+02 2.296870999999999967e-44
7.291639999999999873e+02 2.232895999999999782e-44
7.504239999999999782e+02 2.171670999999999707e-44
7.719890000000000327e+02 2.113019999999999731e-44
7.938600000000000136e+02 2.056531999999999882e-44
8.160359999999999445e+02 2.002575999999999932e-44
8.385190000000000055e+02 1.950757000000000067e-44
8.613079999999999927e+02 1.900945999999999920e-44
8.844020000000000437e+02 1.853031999999999709e-44
9.078029999999999973e+02 1.806903999999999897e-44
9.315090000000000146e+02 1.762591999999999883e-44
9.555209999999999582e+02 1.719749000000000083e-44
9.798390000000000555e+02 1.678420999999999803e-44
1.004460000000000036e+03 1.638530999999999754e-44
1.029390000000000100e+03 1.600007000000000091e-44
1.054630000000000109e+03 1.562777999999999810e-44
1.080170000000000073e+03 1.526785999999999797e-44
1.106019999999999982e+03 1.491931999999999826e-44
1.132170000000000073e+03 1.458233999999999735e-44
1.158630000000000109e+03 1.425605000000000105e-44
1.185400000000000091e+03 1.393993999999999944e-44
1.212470000000000027e+03 1.363356999999999872e-44
1.239839999999999918e+03 1.333651000000000100e-44
1.267529999999999973e+03 1.304834999999999766e-44
1.295509999999999991e+03 1.276871999999999856e-44
1.323809999999999945e+03 1.249768999999999989e-44
1.352410000000000082e+03 1.223403000000000075e-44
1.381319999999999936e+03 1.197787999999999848e-44
1.410529999999999973e+03 1.172895000000000000e-44
1.440049999999999955e+03 1.148694999999999978e-44
1.469869999999999891e+03 1.125160000000000063e-44
1.500000000000000000e+03 1.102265999999999891e-44
-----------------------

