Mobility *N (1/m/V/s)
-----------------------
1.000000000000000000e+00 6.385600000000000419e+24
1.152940000000000076e+00 6.058169999999999486e+24
1.611769999999999925e+00 5.283680000000000512e+24
2.376489999999999991e+00 4.357290000000000127e+24
3.447099999999999831e+00 3.487289999999999922e+24
4.823590000000000266e+00 2.841619999999999936e+24
6.505969999999999587e+00 2.419969999999999953e+24
8.494229999999999947e+00 2.147390000000000097e+24
1.078839999999999932e+01 1.964770000000000029e+24
1.338840000000000074e+01 1.836729999999999888e+24
1.629439999999999955e+01 1.742499999999999932e+24
1.950619999999999976e+01 1.670040000000000010e+24
2.302390000000000114e+01 1.611420000000000118e+24
2.684750000000000014e+01 1.561690000000000115e+24
3.097690000000000055e+01 1.517819999999999892e+24
3.541230000000000189e+01 1.477770000000000069e+24
4.015359999999999729e+01 1.440319999999999983e+24
4.520069999999999766e+01 1.404720000000000021e+24
5.055369999999999919e+01 1.370670000000000068e+24
5.621260000000000190e+01 1.337889999999999945e+24
6.217739999999999867e+01 1.306779999999999984e+24
6.844809999999999661e+01 1.277289999999999943e+24
7.502469999999999573e+01 1.249580000000000114e+24
8.190720000000000312e+01 1.223699999999999936e+24
8.909550000000000125e+01 1.199679999999999983e+24
9.658969999999999345e+01 1.177380000000000033e+24
1.043900000000000006e+02 1.156789999999999982e+24
1.124959999999999951e+02 1.137689999999999997e+24
1.209080000000000013e+02 1.119960000000000061e+24
1.296260000000000048e+02 1.103270000000000019e+24
1.386490000000000009e+02 1.087560000000000065e+24
1.479790000000000134e+02 1.072630000000000032e+24
1.576140000000000043e+02 1.058469999999999952e+24
1.675560000000000116e+02 1.044909999999999967e+24
1.778029999999999973e+02 1.031880000000000031e+24
1.883559999999999945e+02 1.019359999999999941e+24
1.992150000000000034e+02 1.007210000000000010e+24
2.103799999999999955e+02 9.954220000000000215e+23
2.218509999999999991e+02 9.839709999999999887e+23
2.336270000000000095e+02 9.727969999999999693e+23
2.457100000000000080e+02 9.619279999999999811e+23
2.580980000000000132e+02 9.513159999999999360e+23
2.707919999999999732e+02 9.409430000000000527e+23
2.837930000000000064e+02 9.308080000000000524e+23
2.970989999999999895e+02 9.208680000000000325e+23
3.107110000000000127e+02 9.111270000000000338e+23
3.246290000000000191e+02 9.015759999999999643e+23
3.388519999999999754e+02 8.921869999999999405e+23
3.533820000000000050e+02 8.829889999999999903e+23
3.682180000000000177e+02 8.739569999999999924e+23
3.833589999999999804e+02 8.650829999999999992e+23
3.988059999999999832e+02 8.563639999999999801e+23
4.145590000000000259e+02 8.477909999999999772e+23
4.306190000000000282e+02 8.393609999999999599e+23
4.469830000000000041e+02 8.310700000000000215e+23
4.636539999999999964e+02 8.229089999999999358e+23
4.806309999999999718e+02 8.148840000000000325e+23
4.979139999999999873e+02 8.069879999999999717e+23
5.155019999999999527e+02 7.992159999999999706e+23
5.333970000000000482e+02 7.915670000000000191e+23
5.515969999999999800e+02 7.840259999999999638e+23
5.701029999999999518e+02 7.766150000000000296e+23
5.889149999999999636e+02 7.693199999999999392e+23
6.080330000000000155e+02 7.621380000000000645e+23
6.274569999999999936e+02 7.550690000000000029e+23
6.471870000000000118e+02 7.481150000000000433e+23
6.672219999999999800e+02 7.412640000000000629e+23
6.875639999999999645e+02 7.345209999999999788e+23
7.082110000000000127e+02 7.278840000000000388e+23
7.291639999999999873e+02 7.213480000000000577e+23
7.504239999999999782e+02 7.149209999999999830e+23
7.719890000000000327e+02 7.085980000000000320e+23
7.938600000000000136e+02 7.023770000000000501e+23
8.160359999999999445e+02 6.962570000000000270e+23
8.385190000000000055e+02 6.902310000000000254e+23
8.613079999999999927e+02 6.843120000000000440e+23
8.844020000000000437e+02 6.784899999999999806e+23
9.078029999999999973e+02 6.727659999999999796e+23
9.315090000000000146e+02 6.671380000000000204e+23
9.555209999999999582e+02 6.616079999999999895e+23
9.798390000000000555e+02 6.561709999999999699e+23
1.004460000000000036e+03 6.508269999999999615e+23
1.029390000000000100e+03 6.455759999999999643e+23
1.054630000000000109e+03 6.404169999999999683e+23
1.080170000000000073e+03 6.353450000000000564e+23
1.106019999999999982e+03 6.303660000000000215e+23
1.132170000000000073e+03 6.254759999999999570e+23
1.158630000000000109e+03 6.206729999999999767e+23
1.185400000000000091e+03 6.159569999999999463e+23
1.212470000000000027e+03 6.113229999999999489e+23
1.239839999999999918e+03 6.067760000000000357e+23
1.267529999999999973e+03 6.023110000000000212e+23
1.295509999999999991e+03 5.979289999999999830e+23
1.323809999999999945e+03 5.936270000000000244e+23
1.352410000000000082e+03 5.893980000000000068e+23
1.381319999999999936e+03 5.852539999999999858e+23
1.410529999999999973e+03 5.811870000000000139e+23
1.440049999999999955e+03 5.771950000000000034e+23
1.469869999999999891e+03 5.732780000000000215e+23
1.500000000000000000e+03 5.694339999999999806e+23
-----------------------

Townsend ioniz. coef. alpha/N (m2)
-----------------------
1.000000000000000000e+00 0.000000000000000000e+00
1.152940000000000076e+00 0.000000000000000000e+00
1.611769999999999925e+00 0.000000000000000000e+00
2.376489999999999991e+00 0.000000000000000000e+00
3.447099999999999831e+00 0.000000000000000000e+00
4.823590000000000266e+00 0.000000000000000000e+00
6.505969999999999587e+00 0.000000000000000000e+00
8.494229999999999947e+00 0.000000000000000000e+00
1.078839999999999932e+01 0.000000000000000000e+00
1.338840000000000074e+01 0.000000000000000000e+00
1.629439999999999955e+01 0.000000000000000000e+00
1.950619999999999976e+01 9.127919999999999750e-34
2.302390000000000114e+01 5.372899999999999802e-32
2.684750000000000014e+01 1.959060000000000165e-30
3.097690000000000055e+01 2.756929999999999737e-29
3.541230000000000189e+01 2.452759999999999945e-28
4.015359999999999729e+01 1.509680000000000038e-27
4.520069999999999766e+01 7.080149999999999308e-27
5.055369999999999919e+01 2.682540000000000206e-26
5.621260000000000190e+01 8.586979999999999968e-26
6.217739999999999867e+01 2.393000000000000112e-25
6.844809999999999661e+01 5.936260000000000439e-25
7.502469999999999573e+01 1.332559999999999974e-24
8.190720000000000312e+01 2.740029999999999947e-24
8.909550000000000125e+01 5.218060000000000268e-24
9.658969999999999345e+01 9.290380000000000640e-24
1.043900000000000006e+02 1.559440000000000066e-23
1.124959999999999951e+02 2.486470000000000114e-23
1.209080000000000013e+02 3.791260000000000121e-23
1.296260000000000048e+02 5.559479999999999504e-23
1.386490000000000009e+02 7.880470000000000196e-23
1.479790000000000134e+02 1.084519999999999934e-22
1.576140000000000043e+02 1.454219999999999964e-22
1.675560000000000116e+02 1.906039999999999915e-22
1.778029999999999973e+02 2.448490000000000063e-22
1.883559999999999945e+02 3.089789999999999838e-22
1.992150000000000034e+02 3.837499999999999784e-22
2.103799999999999955e+02 4.698839999999999737e-22
2.218509999999999991e+02 5.680369999999999942e-22
2.336270000000000095e+02 6.788090000000000310e-22
2.457100000000000080e+02 8.027119999999999886e-22
2.580980000000000132e+02 9.402090000000000241e-22
2.707919999999999732e+02 1.091680000000000030e-21
2.837930000000000064e+02 1.257450000000000027e-21
2.970989999999999895e+02 1.437729999999999926e-21
3.107110000000000127e+02 1.632700000000000078e-21
3.246290000000000191e+02 1.842429999999999961e-21
3.388519999999999754e+02 2.066969999999999953e-21
3.533820000000000050e+02 2.306270000000000053e-21
3.682180000000000177e+02 2.560229999999999876e-21
3.833589999999999804e+02 2.828680000000000127e-21
3.988059999999999832e+02 3.111450000000000005e-21
4.145590000000000259e+02 3.408220000000000018e-21
4.306190000000000282e+02 3.718729999999999846e-21
4.469830000000000041e+02 4.042620000000000296e-21
4.636539999999999964e+02 4.379580000000000106e-21
4.806309999999999718e+02 4.729090000000000146e-21
4.979139999999999873e+02 5.090829999999999794e-21
5.155019999999999527e+02 5.464329999999999735e-21
5.333970000000000482e+02 5.849140000000000129e-21
5.515969999999999800e+02 6.244800000000000268e-21
5.701029999999999518e+02 6.650799999999999633e-21
5.889149999999999636e+02 7.066680000000000526e-21
6.080330000000000155e+02 7.491949999999999643e-21
6.274569999999999936e+02 7.926149999999999288e-21
6.471870000000000118e+02 8.368749999999999465e-21
6.672219999999999800e+02 8.819279999999999353e-21
6.875639999999999645e+02 9.277279999999999752e-21
7.082110000000000127e+02 9.742259999999999615e-21
7.291639999999999873e+02 1.021380000000000019e-20
7.504239999999999782e+02 1.069130000000000070e-20
7.719890000000000327e+02 1.117449999999999968e-20
7.938600000000000136e+02 1.166279999999999937e-20
8.160359999999999445e+02 1.215579999999999972e-20
8.385190000000000055e+02 1.265310000000000073e-20
8.613079999999999927e+02 1.315440000000000048e-20
8.844020000000000437e+02 1.365899999999999856e-20
9.078029999999999973e+02 1.416680000000000136e-20
9.315090000000000146e+02 1.467720000000000056e-20
9.555209999999999582e+02 1.518999999999999992e-20
9.798390000000000555e+02 1.570459999999999863e-20
1.004460000000000036e+03 1.622089999999999858e-20
1.029390000000000100e+03 1.673829999999999898e-20
1.054630000000000109e+03 1.725669999999999869e-20
1.080170000000000073e+03 1.777549999999999993e-20
1.106019999999999982e+03 1.829459999999999855e-20
1.132170000000000073e+03 1.881359999999999905e-20
1.158630000000000109e+03 1.933220000000000102e-20
1.185400000000000091e+03 1.985010000000000108e-20
1.212470000000000027e+03 2.036709999999999994e-20
1.239839999999999918e+03 2.088279999999999910e-20
1.267529999999999973e+03 2.139690000000000117e-20
1.295509999999999991e+03 2.190920000000000087e-20
1.323809999999999945e+03 2.241949999999999894e-20
1.352410000000000082e+03 2.292739999999999986e-20
1.381319999999999936e+03 2.343279999999999950e-20
1.410529999999999973e+03 2.393549999999999859e-20
1.440049999999999955e+03 2.443509999999999861e-20
1.469869999999999891e+03 2.493159999999999957e-20
1.500000000000000000e+03 2.542459999999999992e-20
-----------------------

Townsend attach. coef. eta/N (m2)
-----------------------
1.000000000000000000e+00 8.151939999999999767e-47
1.152940000000000076e+00 7.121190000000000453e-47
1.611769999999999925e+00 5.040580000000000029e-47
2.376489999999999991e+00 3.162020000000000043e-47
3.447099999999999831e+00 1.885229999999999959e-47
4.823590000000000266e+00 1.153840000000000012e-47
6.505969999999999587e+00 7.604109999999999953e-48
8.494229999999999947e+00 5.411890000000000141e-48
1.078839999999999932e+01 4.092939999999999965e-48
1.338840000000000074e+01 4.765849999999999896e-31
1.629439999999999955e+01 2.191739999999999923e-29
1.950619999999999976e+01 4.315869999999999978e-28
2.302390000000000114e+01 4.171830000000000290e-27
2.684750000000000014e+01 2.438409999999999965e-26
3.097690000000000055e+01 9.831280000000000257e-26
3.541230000000000189e+01 3.010650000000000154e-25
4.015359999999999729e+01 7.454709999999999675e-25
4.520069999999999766e+01 1.565470000000000077e-24
5.055369999999999919e+01 2.879099999999999838e-24
5.621260000000000190e+01 4.753959999999999654e-24
6.217739999999999867e+01 7.172669999999999445e-24
6.844809999999999661e+01 1.003239999999999988e-23
7.502469999999999573e+01 1.316149999999999974e-23
8.190720000000000312e+01 1.634760000000000110e-23
8.909550000000000125e+01 1.939300000000000111e-23
9.658969999999999345e+01 2.213669999999999858e-23
1.043900000000000006e+02 2.447470000000000114e-23
1.124959999999999951e+02 2.635660000000000086e-23
1.209080000000000013e+02 2.777949999999999987e-23
1.296260000000000048e+02 2.876879999999999863e-23
1.386490000000000009e+02 2.937239999999999728e-23
1.479790000000000134e+02 2.964620000000000037e-23
1.576140000000000043e+02 2.964309999999999716e-23
1.675560000000000116e+02 2.941699999999999771e-23
1.778029999999999973e+02 2.901450000000000280e-23
1.883559999999999945e+02 2.847580000000000148e-23
1.992150000000000034e+02 2.783430000000000155e-23
2.103799999999999955e+02 2.711800000000000220e-23
2.218509999999999991e+02 2.634969999999999932e-23
2.336270000000000095e+02 2.554749999999999884e-23
2.457100000000000080e+02 2.472569999999999951e-23
2.580980000000000132e+02 2.389600000000000140e-23
2.707919999999999732e+02 2.306700000000000136e-23
2.837930000000000064e+02 2.224609999999999955e-23
2.970989999999999895e+02 2.143769999999999854e-23
3.107110000000000127e+02 2.064620000000000087e-23
3.246290000000000191e+02 1.987449999999999855e-23
3.388519999999999754e+02 1.912460000000000077e-23
3.533820000000000050e+02 1.839770000000000127e-23
3.682180000000000177e+02 1.769470000000000050e-23
3.833589999999999804e+02 1.701619999999999976e-23
3.988059999999999832e+02 1.636209999999999932e-23
4.145590000000000259e+02 1.573239999999999917e-23
4.306190000000000282e+02 1.512680000000000015e-23
4.469830000000000041e+02 1.454490000000000042e-23
4.636539999999999964e+02 1.398609999999999870e-23
4.806309999999999718e+02 1.344969999999999985e-23
4.979139999999999873e+02 1.293499999999999993e-23
5.155019999999999527e+02 1.244140000000000059e-23
5.333970000000000482e+02 1.196799999999999991e-23
5.515969999999999800e+02 1.151429999999999927e-23
5.701029999999999518e+02 1.107929999999999995e-23
5.889149999999999636e+02 1.066240000000000067e-23
6.080330000000000155e+02 1.026280000000000070e-23
6.274569999999999936e+02 9.879750000000000634e-24
6.471870000000000118e+02 9.512689999999999671e-24
6.672219999999999800e+02 9.160810000000000630e-24
6.875639999999999645e+02 8.823499999999999905e-24
7.082110000000000127e+02 8.500129999999999526e-24
7.291639999999999873e+02 8.190140000000000155e-24
7.504239999999999782e+02 7.892829999999999317e-24
7.719890000000000327e+02 7.607699999999999857e-24
7.938600000000000136e+02 7.334209999999999741e-24
8.160359999999999445e+02 7.071849999999999492e-24
8.385190000000000055e+02 6.820159999999999498e-24
8.613079999999999927e+02 6.578570000000000301e-24
8.844020000000000437e+02 6.346669999999999947e-24
9.078029999999999973e+02 6.124050000000000155e-24
9.315090000000000146e+02 5.910290000000000320e-24
9.555209999999999582e+02 5.705010000000000313e-24
9.798390000000000555e+02 5.507809999999999769e-24
1.004460000000000036e+03 5.318330000000000269e-24
1.029390000000000100e+03 5.136260000000000316e-24
1.054630000000000109e+03 4.961250000000000141e-24
1.080170000000000073e+03 4.793059999999999819e-24
1.106019999999999982e+03 4.631280000000000332e-24
1.132170000000000073e+03 4.475689999999999790e-24
1.158630000000000109e+03 4.326009999999999993e-24
1.185400000000000091e+03 4.182000000000000282e-24
1.212470000000000027e+03 4.043459999999999737e-24
1.239839999999999918e+03 3.910060000000000298e-24
1.267529999999999973e+03 3.781650000000000175e-24
1.295509999999999991e+03 3.657990000000000176e-24
1.323809999999999945e+03 3.538900000000000357e-24
1.352410000000000082e+03 3.424249999999999902e-24
1.381319999999999936e+03 3.313730000000000251e-24
1.410529999999999973e+03 3.207219999999999974e-24
1.440049999999999955e+03 3.104560000000000100e-24
1.469869999999999891e+03 3.005599999999999939e-24
1.500000000000000000e+03 2.910189999999999906e-24
-----------------------

Three-body attachment rate (m6/s)
-----------------------
1.000000000000000000e+00 2.602749000000000005e-42
1.152940000000000076e+00 2.486979000000000010e-42
1.611769999999999925e+00 2.146303000000000146e-42
2.376489999999999991e+00 1.637143999999999985e-42
3.447099999999999831e+00 1.133120999999999985e-42
4.823590000000000266e+00 7.907726999999999854e-43
6.505969999999999587e+00 5.986047000000000123e-43
8.494229999999999947e+00 4.935766999999999816e-43
1.078839999999999932e+01 4.337834999999999625e-43
1.338840000000000074e+01 3.977313999999999870e-43
1.629439999999999955e+01 3.747434999999999836e-43
1.950619999999999976e+01 3.592036999999999743e-43
2.302390000000000114e+01 3.480112999999999960e-43
2.684750000000000014e+01 3.393606999999999993e-43
3.097690000000000055e+01 3.320900999999999835e-43
3.541230000000000189e+01 3.253150999999999854e-43
4.015359999999999729e+01 3.183460999999999899e-43
4.520069999999999766e+01 3.104828000000000038e-43
5.055369999999999919e+01 3.011556999999999815e-43
5.621260000000000190e+01 2.899253999999999880e-43
6.217739999999999867e+01 2.766276999999999824e-43
6.844809999999999661e+01 2.613751999999999981e-43
7.502469999999999573e+01 2.445526999999999881e-43
8.190720000000000312e+01 2.267682000000000158e-43
8.909550000000000125e+01 2.086656999999999980e-43
9.658969999999999345e+01 1.908698000000000111e-43
1.043900000000000006e+02 1.738462999999999968e-43
1.124959999999999951e+02 1.579481000000000013e-43
1.209080000000000013e+02 1.433466999999999942e-43
1.296260000000000048e+02 1.301591999999999906e-43
1.386490000000000009e+02 1.183456999999999991e-43
1.479790000000000134e+02 1.078389000000000035e-43
1.576140000000000043e+02 9.852079000000000090e-44
1.675560000000000116e+02 9.027862999999999050e-44
1.778029999999999973e+02 8.299132000000000446e-44
1.883559999999999945e+02 7.652778000000000073e-44
1.992150000000000034e+02 7.081394999999999725e-44
2.103799999999999955e+02 6.573714000000000000e-44
2.218509999999999991e+02 6.121316999999999517e-44
2.336270000000000095e+02 5.717710999999999784e-44
2.457100000000000080e+02 5.354791999999999592e-44
2.580980000000000132e+02 5.028030999999999543e-44
2.707919999999999732e+02 4.732745000000000167e-44
2.837930000000000064e+02 4.464349000000000138e-44
2.970989999999999895e+02 4.220619999999999790e-44
3.107110000000000127e+02 3.997984000000000138e-44
3.246290000000000191e+02 3.793925999999999788e-44
3.388519999999999754e+02 3.606513000000000127e-44
3.533820000000000050e+02 3.433417999999999830e-44
3.682180000000000177e+02 3.273287999999999900e-44
3.833589999999999804e+02 3.124740000000000203e-44
3.988059999999999832e+02 2.986441000000000014e-44
4.145590000000000259e+02 2.857636000000000040e-44
4.306190000000000282e+02 2.737264999999999865e-44
4.469830000000000041e+02 2.624534000000000010e-44
4.636539999999999964e+02 2.518896999999999858e-44
4.806309999999999718e+02 2.419424999999999784e-44
4.979139999999999873e+02 2.325742999999999987e-44
5.155019999999999527e+02 2.237368999999999991e-44
5.333970000000000482e+02 2.153878000000000089e-44
5.515969999999999800e+02 2.075152999999999971e-44
5.701029999999999518e+02 2.000300000000000094e-44
5.889149999999999636e+02 1.929300000000000038e-44
6.080330000000000155e+02 1.861875000000000050e-44
6.274569999999999936e+02 1.797775000000000098e-44
6.471870000000000118e+02 1.736585000000000107e-44
6.672219999999999800e+02 1.678489999999999883e-44
6.875639999999999645e+02 1.623097999999999877e-44
7.082110000000000127e+02 1.570236999999999929e-44
7.291639999999999873e+02 1.519836000000000035e-44
7.504239999999999782e+02 1.471573000000000064e-44
7.719890000000000327e+02 1.425406000000000067e-44
7.938600000000000136e+02 1.381214999999999967e-44
8.160359999999999445e+02 1.338885999999999966e-44
8.385190000000000055e+02 1.298320000000000091e-44
8.613079999999999927e+02 1.259407999999999984e-44
8.844020000000000437e+02 1.222064999999999906e-44
9.078029999999999973e+02 1.186208999999999878e-44
9.315090000000000146e+02 1.151760999999999939e-44
9.555209999999999582e+02 1.118608999999999967e-44
9.798390000000000555e+02 1.086765999999999984e-44
1.004460000000000036e+03 1.056126999999999986e-44
1.029390000000000100e+03 1.026630999999999972e-44
1.054630000000000109e+03 9.982243000000000084e-45
1.080170000000000073e+03 9.708179000000000028e-45
1.106019999999999982e+03 9.444362000000000052e-45
1.132170000000000073e+03 9.189949000000000359e-45
1.158630000000000109e+03 8.944506999999999793e-45
1.185400000000000091e+03 8.707627999999999393e-45
1.212470000000000027e+03 8.478356000000000151e-45
1.239839999999999918e+03 8.257499000000000037e-45
1.267529999999999973e+03 8.044109999999999835e-45
1.295509999999999991e+03 7.837861999999999976e-45
1.323809999999999945e+03 7.638448999999999993e-45
1.352410000000000082e+03 7.445917999999999779e-45
1.381319999999999936e+03 7.259299999999999933e-45
1.410529999999999973e+03 7.078691999999999756e-45
1.440049999999999955e+03 6.903848000000000314e-45
1.469869999999999891e+03 6.734530999999999976e-45
1.500000000000000000e+03 6.570519999999999511e-45
-----------------------

