gas_composition
-----------------------
N2 0.792
O2 0.198
H2O 0.01
-----------------------

Mobility *N (1/m/V/s)
-----------------------
1.000000000000000000e+00 6.085200000000000147e+24
1.152940000000000076e+00 5.843549999999999485e+24
1.611769999999999925e+00 5.286259999999999508e+24
2.376489999999999991e+00 4.586199999999999927e+24
3.447099999999999831e+00 3.800309999999999831e+24
4.823590000000000266e+00 3.094299999999999816e+24
6.505969999999999587e+00 2.586280000000000241e+24
8.494229999999999947e+00 2.251319999999999901e+24
1.078839999999999932e+01 2.029710000000000110e+24
1.338840000000000074e+01 1.877819999999999875e+24
1.629439999999999955e+01 1.769000000000000006e+24
1.950619999999999976e+01 1.687049999999999968e+24
2.302390000000000114e+01 1.622370000000000129e+24
2.684750000000000014e+01 1.568819999999999995e+24
3.097690000000000055e+01 1.522270000000000021e+24
3.541230000000000189e+01 1.480550000000000036e+24
4.015359999999999729e+01 1.441950000000000005e+24
4.520069999999999766e+01 1.405960000000000082e+24
5.055369999999999919e+01 1.371989999999999873e+24
5.621260000000000190e+01 1.339749999999999902e+24
6.217739999999999867e+01 1.309260000000000106e+24
6.844809999999999661e+01 1.280619999999999896e+24
7.502469999999999573e+01 1.253709999999999925e+24
8.190720000000000312e+01 1.228620000000000039e+24
8.909550000000000125e+01 1.205240000000000052e+24
9.658969999999999345e+01 1.183460000000000049e+24
1.043900000000000006e+02 1.163120000000000004e+24
1.124959999999999951e+02 1.144039999999999956e+24
1.209080000000000013e+02 1.126069999999999982e+24
1.296260000000000048e+02 1.109060000000000024e+24
1.386490000000000009e+02 1.092810000000000052e+24
1.479790000000000134e+02 1.077370000000000039e+24
1.576140000000000043e+02 1.062569999999999993e+24
1.675560000000000116e+02 1.048330000000000035e+24
1.778029999999999973e+02 1.034650000000000031e+24
1.883559999999999945e+02 1.021480000000000006e+24
1.992150000000000034e+02 1.008760000000000019e+24
2.103799999999999955e+02 9.965120000000000252e+23
2.218509999999999991e+02 9.846399999999999832e+23
2.336270000000000095e+02 9.731619999999999429e+23
2.457100000000000080e+02 9.620620000000000089e+23
2.580980000000000132e+02 9.512939999999999796e+23
2.707919999999999732e+02 9.408990000000000055e+23
2.837930000000000064e+02 9.308350000000000600e+23
2.970989999999999895e+02 9.210880000000000000e+23
3.107110000000000127e+02 9.116439999999999507e+23
3.246290000000000191e+02 9.025079999999999633e+23
3.388519999999999754e+02 8.936329999999999599e+23
3.533820000000000050e+02 8.850250000000000018e+23
3.682180000000000177e+02 8.766719999999999664e+23
3.833589999999999804e+02 8.685370000000000123e+23
3.988059999999999832e+02 8.606640000000000524e+23
4.145590000000000259e+02 8.530149999999999667e+23
4.306190000000000282e+02 8.455790000000000454e+23
4.469830000000000041e+02 8.383479999999999381e+23
4.636539999999999964e+02 8.313299999999999953e+23
4.806309999999999718e+02 8.244790000000000149e+23
4.979139999999999873e+02 8.178090000000000060e+23
5.155019999999999527e+02 8.113100000000000005e+23
5.333970000000000482e+02 8.049759999999999371e+23
5.515969999999999800e+02 7.988000000000000126e+23
5.701029999999999518e+02 7.927809999999999484e+23
5.889149999999999636e+02 7.869009999999999630e+23
6.080330000000000155e+02 7.811610000000000668e+23
6.274569999999999936e+02 7.755550000000000642e+23
6.471870000000000118e+02 7.700780000000000383e+23
6.672219999999999800e+02 7.647110000000000632e+23
6.875639999999999645e+02 7.594800000000000021e+23
7.082110000000000127e+02 7.543650000000000532e+23
7.291639999999999873e+02 7.493620000000000414e+23
7.504239999999999782e+02 7.444670000000000600e+23
7.719890000000000327e+02 7.396759999999999339e+23
7.938600000000000136e+02 7.349880000000000556e+23
8.160359999999999445e+02 7.303959999999999507e+23
8.385190000000000055e+02 7.258990000000000118e+23
8.613079999999999927e+02 7.214949999999999499e+23
8.844020000000000437e+02 7.171799999999999927e+23
9.078029999999999973e+02 7.129519999999999853e+23
9.315090000000000146e+02 7.088080000000000315e+23
9.555209999999999582e+02 7.047540000000000582e+23
9.798390000000000555e+02 7.007720000000000157e+23
1.004460000000000036e+03 6.968679999999999654e+23
1.029390000000000100e+03 6.930400000000000210e+23
1.054630000000000109e+03 6.892860000000000278e+23
1.080170000000000073e+03 6.856039999999999654e+23
1.106019999999999982e+03 6.819929999999999578e+23
1.132170000000000073e+03 6.784359999999999654e+23
1.158630000000000109e+03 6.749610000000000060e+23
1.185400000000000091e+03 6.715510000000000401e+23
1.212470000000000027e+03 6.682059999999999334e+23
1.239839999999999918e+03 6.649230000000000579e+23
1.267529999999999973e+03 6.617010000000000008e+23
1.295509999999999991e+03 6.585390000000000202e+23
1.323809999999999945e+03 6.554359999999999717e+23
1.352410000000000082e+03 6.523929999999999997e+23
1.381319999999999936e+03 6.494030000000000328e+23
1.410529999999999973e+03 6.464669999999999468e+23
1.440049999999999955e+03 6.435860000000000204e+23
1.469869999999999891e+03 6.407569999999999546e+23
1.500000000000000000e+03 6.379790000000000076e+23
-----------------------

Townsend ioniz. coef. alpha/N (m2)
-----------------------
1.000000000000000000e+00 0.000000000000000000e+00
1.152940000000000076e+00 0.000000000000000000e+00
1.611769999999999925e+00 0.000000000000000000e+00
2.376489999999999991e+00 0.000000000000000000e+00
3.447099999999999831e+00 0.000000000000000000e+00
4.823590000000000266e+00 0.000000000000000000e+00
6.505969999999999587e+00 0.000000000000000000e+00
8.494229999999999947e+00 0.000000000000000000e+00
1.078839999999999932e+01 0.000000000000000000e+00
1.338840000000000074e+01 0.000000000000000000e+00
1.629439999999999955e+01 0.000000000000000000e+00
1.950619999999999976e+01 3.340320000000000164e-34
2.302390000000000114e+01 2.018320000000000015e-32
2.684750000000000014e+01 2.605410000000000046e-30
3.097690000000000055e+01 4.051629999999999837e-29
3.541230000000000189e+01 3.799349999999999864e-28
4.015359999999999729e+01 2.442690000000000007e-27
4.520069999999999766e+01 1.169829999999999979e-26
5.055369999999999919e+01 4.455540000000000008e-26
5.621260000000000190e+01 1.411240000000000109e-25
6.217739999999999867e+01 3.851140000000000043e-25
6.844809999999999661e+01 9.290620000000000199e-25
7.502469999999999573e+01 2.020510000000000001e-24
8.190720000000000312e+01 4.024559999999999699e-24
8.909550000000000125e+01 7.433599999999999524e-24
9.658969999999999345e+01 1.286870000000000057e-23
1.043900000000000006e+02 2.106920000000000096e-23
1.124959999999999951e+02 3.285859999999999825e-23
1.209080000000000013e+02 4.914320000000000265e-23
1.296260000000000048e+02 7.085430000000000537e-23
1.386490000000000009e+02 9.895869999999999670e-23
1.479790000000000134e+02 1.344030000000000109e-22
1.576140000000000043e+02 1.781100000000000067e-22
1.675560000000000116e+02 2.309650000000000229e-22
1.778029999999999973e+02 2.937869999999999872e-22
1.883559999999999945e+02 3.673150000000000009e-22
1.992150000000000034e+02 4.522260000000000071e-22
2.103799999999999955e+02 5.490929999999999538e-22
2.218509999999999991e+02 6.583860000000000023e-22
2.336270000000000095e+02 7.804960000000000383e-22
2.457100000000000080e+02 9.156910000000000748e-22
2.580980000000000132e+02 1.064209999999999947e-21
2.707919999999999732e+02 1.226110000000000037e-21
2.837930000000000064e+02 1.401449999999999925e-21
2.970989999999999895e+02 1.590170000000000057e-21
3.107110000000000127e+02 1.792120000000000050e-21
3.246290000000000191e+02 2.007139999999999966e-21
3.388519999999999754e+02 2.234940000000000090e-21
3.533820000000000050e+02 2.475260000000000103e-21
3.682180000000000177e+02 2.727759999999999909e-21
3.833589999999999804e+02 2.991969999999999816e-21
3.988059999999999832e+02 3.267759999999999855e-21
4.145590000000000259e+02 3.554470000000000058e-21
4.306190000000000282e+02 3.851740000000000102e-21
4.469830000000000041e+02 4.159119999999999770e-21
4.636539999999999964e+02 4.476079999999999819e-21
4.806309999999999718e+02 4.802470000000000051e-21
4.979139999999999873e+02 5.137499999999999777e-21
5.155019999999999527e+02 5.480849999999999878e-21
5.333970000000000482e+02 5.832050000000000288e-21
5.515969999999999800e+02 6.190690000000000116e-21
5.701029999999999518e+02 6.556120000000000261e-21
5.889149999999999636e+02 6.928429999999999487e-21
6.080330000000000155e+02 7.306780000000000300e-21
6.274569999999999936e+02 7.690890000000000273e-21
6.471870000000000118e+02 8.080349999999999268e-21
6.672219999999999800e+02 8.474670000000000752e-21
6.875639999999999645e+02 8.873789999999999531e-21
7.082110000000000127e+02 9.277100000000000719e-21
7.291639999999999873e+02 9.684299999999999407e-21
7.504239999999999782e+02 1.009509999999999983e-20
7.719890000000000327e+02 1.050899999999999932e-20
7.938600000000000136e+02 1.092580000000000012e-20
8.160359999999999445e+02 1.134529999999999996e-20
8.385190000000000055e+02 1.176729999999999959e-20
8.613079999999999927e+02 1.219110000000000008e-20
8.844020000000000437e+02 1.261669999999999993e-20
9.078029999999999973e+02 1.304370000000000062e-20
9.315090000000000146e+02 1.347210000000000065e-20
9.555209999999999582e+02 1.390130000000000073e-20
9.798390000000000555e+02 1.433129999999999936e-20
1.004460000000000036e+03 1.476180000000000065e-20
1.029390000000000100e+03 1.519259999999999933e-20
1.054630000000000109e+03 1.562349999999999914e-20
1.080170000000000073e+03 1.605430000000000083e-20
1.106019999999999982e+03 1.648470000000000099e-20
1.132170000000000073e+03 1.691439999999999922e-20
1.158630000000000109e+03 1.734360000000000080e-20
1.185400000000000091e+03 1.777180000000000007e-20
1.212470000000000027e+03 1.819900000000000002e-20
1.239839999999999918e+03 1.862500000000000140e-20
1.267529999999999973e+03 1.904959999999999894e-20
1.295509999999999991e+03 1.947270000000000051e-20
1.323809999999999945e+03 1.989399999999999972e-20
1.352410000000000082e+03 2.031349999999999956e-20
1.381319999999999936e+03 2.073109999999999891e-20
1.410529999999999973e+03 2.114659999999999850e-20
1.440049999999999955e+03 2.156000000000000134e-20
1.469869999999999891e+03 2.197100000000000102e-20
1.500000000000000000e+03 2.237960000000000055e-20
-----------------------

Townsend attach. coef. eta/N (m2)
-----------------------
1.000000000000000000e+00 9.899159999999999689e-41
1.152940000000000076e+00 8.461630000000000071e-41
1.611769999999999925e+00 5.781860000000000185e-41
2.376489999999999991e+00 3.632659999999999913e-41
3.447099999999999831e+00 2.254670000000000077e-41
4.823590000000000266e+00 1.436979999999999917e-41
6.505969999999999587e+00 9.689569999999999948e-42
8.494229999999999947e+00 6.965919999999999480e-42
1.078839999999999932e+01 5.289540000000000101e-42
1.338840000000000074e+01 1.483419999999999995e-31
1.629439999999999955e+01 1.553059999999999963e-29
1.950619999999999976e+01 3.623969999999999895e-28
2.302390000000000114e+01 3.986140000000000263e-27
2.684750000000000014e+01 2.567949999999999996e-26
3.097690000000000055e+01 1.115070000000000020e-25
3.541230000000000189e+01 3.603550000000000037e-25
4.015359999999999729e+01 9.314949999999999661e-25
4.520069999999999766e+01 2.020199999999999974e-24
5.055369999999999919e+01 3.816019999999999720e-24
5.621260000000000190e+01 6.436969999999999967e-24
6.217739999999999867e+01 9.895010000000000572e-24
6.844809999999999661e+01 1.407309999999999974e-23
7.502469999999999573e+01 1.874120000000000020e-23
8.190720000000000312e+01 2.361270000000000101e-23
8.909550000000000125e+01 2.838860000000000099e-23
9.658969999999999345e+01 3.282009999999999863e-23
1.043900000000000006e+02 3.673319999999999775e-23
1.124959999999999951e+02 4.001499999999999819e-23
1.209080000000000013e+02 4.263980000000000031e-23
1.296260000000000048e+02 4.462419999999999947e-23
1.386490000000000009e+02 4.602170000000000093e-23
1.479790000000000134e+02 4.690079999999999798e-23
1.576140000000000043e+02 4.733719999999999932e-23
1.675560000000000116e+02 4.740470000000000124e-23
1.778029999999999973e+02 4.717260000000000070e-23
1.883559999999999945e+02 4.670069999999999735e-23
1.992150000000000034e+02 4.604149999999999922e-23
2.103799999999999955e+02 4.523940000000000140e-23
2.218509999999999991e+02 4.432990000000000003e-23
2.336270000000000095e+02 4.334359999999999887e-23
2.457100000000000080e+02 4.230490000000000117e-23
2.580980000000000132e+02 4.123330000000000016e-23
2.707919999999999732e+02 4.014439999999999985e-23
2.837930000000000064e+02 3.905060000000000129e-23
2.970989999999999895e+02 3.796150000000000153e-23
3.107110000000000127e+02 3.688439999999999806e-23
3.246290000000000191e+02 3.582509999999999839e-23
3.388519999999999754e+02 3.478790000000000243e-23
3.533820000000000050e+02 3.377580000000000190e-23
3.682180000000000177e+02 3.279090000000000276e-23
3.833589999999999804e+02 3.183519999999999949e-23
3.988059999999999832e+02 3.090869999999999799e-23
4.145590000000000259e+02 3.001240000000000135e-23
4.306190000000000282e+02 2.914619999999999811e-23
4.469830000000000041e+02 2.830990000000000057e-23
4.636539999999999964e+02 2.750350000000000285e-23
4.806309999999999718e+02 2.672549999999999734e-23
4.979139999999999873e+02 2.597600000000000139e-23
5.155019999999999527e+02 2.525390000000000040e-23
5.333970000000000482e+02 2.455849999999999925e-23
5.515969999999999800e+02 2.388890000000000041e-23
5.701029999999999518e+02 2.324439999999999994e-23
5.889149999999999636e+02 2.262370000000000142e-23
6.080330000000000155e+02 2.202610000000000091e-23
6.274569999999999936e+02 2.145090000000000034e-23
6.471870000000000118e+02 2.089699999999999979e-23
6.672219999999999800e+02 2.036380000000000093e-23
6.875639999999999645e+02 1.985020000000000092e-23
7.082110000000000127e+02 1.935539999999999901e-23
7.291639999999999873e+02 1.887879999999999981e-23
7.504239999999999782e+02 1.841959999999999964e-23
7.719890000000000327e+02 1.797700000000000071e-23
7.938600000000000136e+02 1.755050000000000146e-23
8.160359999999999445e+02 1.713920000000000143e-23
8.385190000000000055e+02 1.674249999999999934e-23
8.613079999999999927e+02 1.635999999999999923e-23
8.844020000000000437e+02 1.599090000000000037e-23
9.078029999999999973e+02 1.563480000000000092e-23
9.315090000000000146e+02 1.529099999999999987e-23
9.555209999999999582e+02 1.495920000000000099e-23
9.798390000000000555e+02 1.463860000000000061e-23
1.004460000000000036e+03 1.432899999999999929e-23
1.029390000000000100e+03 1.402979999999999866e-23
1.054630000000000109e+03 1.374059999999999985e-23
1.080170000000000073e+03 1.346110000000000073e-23
1.106019999999999982e+03 1.319079999999999975e-23
1.132170000000000073e+03 1.292960000000000013e-23
1.158630000000000109e+03 1.267669999999999965e-23
1.185400000000000091e+03 1.243190000000000034e-23
1.212470000000000027e+03 1.219499999999999982e-23
1.239839999999999918e+03 1.196570000000000038e-23
1.267529999999999973e+03 1.174360000000000018e-23
1.295509999999999991e+03 1.152849999999999978e-23
1.323809999999999945e+03 1.132000000000000028e-23
1.352410000000000082e+03 1.111800000000000048e-23
1.381319999999999936e+03 1.092219999999999975e-23
1.410529999999999973e+03 1.073240000000000010e-23
1.440049999999999955e+03 1.054829999999999943e-23
1.469869999999999891e+03 1.036979999999999948e-23
1.500000000000000000e+03 1.019659999999999960e-23
-----------------------

Three-body attachment rate (m6/s)
-----------------------
1.000000000000000000e+00 3.042341999999999820e-42
1.152940000000000076e+00 2.879212000000000017e-42
1.611769999999999925e+00 2.488025999999999714e-42
2.376489999999999991e+00 1.999628999999999830e-42
3.447099999999999831e+00 1.491727999999999917e-42
4.823590000000000266e+00 1.083223999999999859e-42
6.505969999999999587e+00 8.234311000000000850e-43
8.494229999999999947e+00 6.727817999999999553e-43
1.078839999999999932e+01 5.849847000000000270e-43
1.338840000000000074e+01 5.316919999999999891e-43
1.629439999999999955e+01 4.976581999999999438e-43
1.950619999999999976e+01 4.746991999999999922e-43
2.302390000000000114e+01 4.582712999999999687e-43
2.684750000000000014e+01 4.456698999999999240e-43
3.097690000000000055e+01 4.352041999999999853e-43
3.541230000000000189e+01 4.256562999999999836e-43
4.015359999999999729e+01 4.160186000000000175e-43
4.520069999999999766e+01 4.054616999999999618e-43
5.055369999999999919e+01 3.931931000000000465e-43
5.621260000000000190e+01 3.786955999999999516e-43
6.217739999999999867e+01 3.617016999999999857e-43
6.844809999999999661e+01 3.423098000000000215e-43
7.502469999999999573e+01 3.209878999999999846e-43
8.190720000000000312e+01 2.983973000000000007e-43
8.909550000000000125e+01 2.753372999999999781e-43
9.658969999999999345e+01 2.525476999999999861e-43
1.043900000000000006e+02 2.306354999999999902e-43
1.124959999999999951e+02 2.100721999999999795e-43
1.209080000000000013e+02 1.911096000000000150e-43
1.296260000000000048e+02 1.738709999999999887e-43
1.386490000000000009e+02 1.583615000000000047e-43
1.479790000000000134e+02 1.444994999999999917e-43
1.576140000000000043e+02 1.321708999999999889e-43
1.675560000000000116e+02 1.212456000000000054e-43
1.778029999999999973e+02 1.115530999999999900e-43
1.883559999999999945e+02 1.029625999999999949e-43
1.992150000000000034e+02 9.533934999999999718e-44
2.103799999999999955e+02 8.854982999999999946e-44
2.218509999999999991e+02 8.251174000000000356e-44
2.336270000000000095e+02 7.711590999999999578e-44
2.457100000000000080e+02 7.227984999999999361e-44
2.580980000000000132e+02 6.793663999999999931e-44
2.707919999999999732e+02 6.401297999999999793e-44
2.837930000000000064e+02 6.046130999999999792e-44
2.970989999999999895e+02 5.723587999999998984e-44
3.107110000000000127e+02 5.429714000000000047e-44
3.246290000000000191e+02 5.160631000000000719e-44
3.388519999999999754e+02 4.914405000000000059e-44
3.533820000000000050e+02 4.687959999999999968e-44
3.682180000000000177e+02 4.479114999999999983e-44
3.833589999999999804e+02 4.286778999999999705e-44
3.988059999999999832e+02 4.107585999999999484e-44
4.145590000000000259e+02 3.941025999999999870e-44
4.306190000000000282e+02 3.785813999999999869e-44
4.469830000000000041e+02 3.640847000000000020e-44
4.636539999999999964e+02 3.504655999999999612e-44
4.806309999999999718e+02 3.377390999999999860e-44
4.979139999999999873e+02 3.257808000000000130e-44
5.155019999999999527e+02 3.145213999999999601e-44
5.333970000000000482e+02 3.039011999999999903e-44
5.515969999999999800e+02 2.938670999999999993e-44
5.701029999999999518e+02 2.843395999999999556e-44
5.889149999999999636e+02 2.753413999999999844e-44
6.080330000000000155e+02 2.668024999999999670e-44
6.274569999999999936e+02 2.586873000000000155e-44
6.471870000000000118e+02 2.509645999999999808e-44
6.672219999999999800e+02 2.436423999999999674e-44
6.875639999999999645e+02 2.366205999999999786e-44
7.082110000000000127e+02 2.299154999999999759e-44
7.291639999999999873e+02 2.235056999999999733e-44
7.504239999999999782e+02 2.173718999999999948e-44
7.719890000000000327e+02 2.114966999999999822e-44
7.938600000000000136e+02 2.058630000000000031e-44
8.160359999999999445e+02 2.004580999999999885e-44
8.385190000000000055e+02 1.952663000000000045e-44
8.613079999999999927e+02 1.902771000000000009e-44
8.844020000000000437e+02 1.854776999999999996e-44
9.078029999999999973e+02 1.808582000000000031e-44
9.315090000000000146e+02 1.764080999999999860e-44
9.555209999999999582e+02 1.721011000000000054e-44
9.798390000000000555e+02 1.679644999999999924e-44
1.004460000000000036e+03 1.639719999999999792e-44
1.029390000000000100e+03 1.601163999999999810e-44
1.054630000000000109e+03 1.563908999999999737e-44
1.080170000000000073e+03 1.527889000000000004e-44
1.106019999999999982e+03 1.493048999999999769e-44
1.132170000000000073e+03 1.459444000000000122e-44
1.158630000000000109e+03 1.426788999999999953e-44
1.185400000000000091e+03 1.395155999999999853e-44
1.212470000000000027e+03 1.364497999999999930e-44
1.239839999999999918e+03 1.334774000000000071e-44
1.267529999999999973e+03 1.305940999999999739e-44
1.295509999999999991e+03 1.277961999999999919e-44
1.323809999999999945e+03 1.250802000000000028e-44
1.352410000000000082e+03 1.224382000000000105e-44
1.381319999999999936e+03 1.198760999999999850e-44
1.410529999999999973e+03 1.173860999999999886e-44
1.440049999999999955e+03 1.149654999999999835e-44
1.469869999999999891e+03 1.126114999999999979e-44
1.500000000000000000e+03 1.103216999999999953e-44
-----------------------

