gas_composition
-----------------------
N2 0.776
O2 0.194
H2O 0.03
-----------------------

Mobility *N (1/m/V/s)
-----------------------
1.000000000000000000e+00 5.014950000000000019e+24
1.152940000000000076e+00 4.897030000000000263e+24
1.611769999999999925e+00 4.621669999999999902e+24
2.376489999999999991e+00 4.276340000000000112e+24
3.447099999999999831e+00 3.839090000000000092e+24
4.823590000000000266e+00 3.299210000000000136e+24
6.505969999999999587e+00 2.783490000000000222e+24
8.494229999999999947e+00 2.392260000000000125e+24
1.078839999999999932e+01 2.122340000000000083e+24
1.338840000000000074e+01 1.937399999999999918e+24
1.629439999999999955e+01 1.807059999999999886e+24
1.950619999999999976e+01 1.711259999999999984e+24
2.302390000000000114e+01 1.637460000000000053e+24
2.684750000000000014e+01 1.577620000000000037e+24
3.097690000000000055e+01 1.526829999999999933e+24
3.541230000000000189e+01 1.482269999999999904e+24
4.015359999999999729e+01 1.441839999999999954e+24
4.520069999999999766e+01 1.404599999999999868e+24
5.055369999999999919e+01 1.369810000000000134e+24
5.621260000000000190e+01 1.337199999999999870e+24
6.217739999999999867e+01 1.306619999999999959e+24
6.844809999999999661e+01 1.278060000000000030e+24
7.502469999999999573e+01 1.251399999999999931e+24
8.190720000000000312e+01 1.226630000000000095e+24
8.909550000000000125e+01 1.203619999999999999e+24
9.658969999999999345e+01 1.182189999999999950e+24
1.043900000000000006e+02 1.162199999999999994e+24
1.124959999999999951e+02 1.143420000000000060e+24
1.209080000000000013e+02 1.125699999999999957e+24
1.296260000000000048e+02 1.108890000000000031e+24
1.386490000000000009e+02 1.092900000000000033e+24
1.479790000000000134e+02 1.077620000000000045e+24
1.576140000000000043e+02 1.062959999999999954e+24
1.675560000000000116e+02 1.048899999999999957e+24
1.778029999999999973e+02 1.035330000000000004e+24
1.883559999999999945e+02 1.022249999999999960e+24
1.992150000000000034e+02 1.009619999999999953e+24
2.103799999999999955e+02 9.974040000000000178e+23
2.218509999999999991e+02 9.856150000000000191e+23
2.336270000000000095e+02 9.742129999999999505e+23
2.457100000000000080e+02 9.631859999999999575e+23
2.580980000000000132e+02 9.525170000000000008e+23
2.707919999999999732e+02 9.421880000000000304e+23
2.837930000000000064e+02 9.321850000000000375e+23
2.970989999999999895e+02 9.224960000000000336e+23
3.107110000000000127e+02 9.130970000000000417e+23
3.246290000000000191e+02 9.040000000000000503e+23
3.388519999999999754e+02 8.951780000000000519e+23
3.533820000000000050e+02 8.866209999999999442e+23
3.682180000000000177e+02 8.783180000000000173e+23
3.833589999999999804e+02 8.702759999999999402e+23
3.988059999999999832e+02 8.624429999999999866e+23
4.145590000000000259e+02 8.548330000000000312e+23
4.306190000000000282e+02 8.474359999999999717e+23
4.469830000000000041e+02 8.402419999999999743e+23
4.636539999999999964e+02 8.332149999999999394e+23
4.806309999999999718e+02 8.264009999999999347e+23
4.979139999999999873e+02 8.197660000000000152e+23
5.155019999999999527e+02 8.133009999999999546e+23
5.333970000000000482e+02 8.069989999999999499e+23
5.515969999999999800e+02 8.008459999999999921e+23
5.701029999999999518e+02 7.948510000000000391e+23
5.889149999999999636e+02 7.890009999999999578e+23
6.080330000000000155e+02 7.832889999999999452e+23
6.274569999999999936e+02 7.777099999999999502e+23
6.471870000000000118e+02 7.722600000000000661e+23
6.672219999999999800e+02 7.669430000000000653e+23
6.875639999999999645e+02 7.617349999999999709e+23
7.082110000000000127e+02 7.566419999999999785e+23
7.291639999999999873e+02 7.516600000000000472e+23
7.504239999999999782e+02 7.467850000000000018e+23
7.719890000000000327e+02 7.420149999999999562e+23
7.938600000000000136e+02 7.373510000000000548e+23
8.160359999999999445e+02 7.327769999999999997e+23
8.385190000000000055e+02 7.282979999999999764e+23
8.613079999999999927e+02 7.239109999999999541e+23
8.844020000000000437e+02 7.196130000000000364e+23
9.078029999999999973e+02 7.154010000000000585e+23
9.315090000000000146e+02 7.112650000000000522e+23
9.555209999999999582e+02 7.072190000000000265e+23
9.798390000000000555e+02 7.032520000000000031e+23
1.004460000000000036e+03 6.993639999999999822e+23
1.029390000000000100e+03 6.955500000000000467e+23
1.054630000000000109e+03 6.918100000000000624e+23
1.080170000000000073e+03 6.881420000000000089e+23
1.106019999999999982e+03 6.845440000000000000e+23
1.132170000000000073e+03 6.810140000000000152e+23
1.158630000000000109e+03 6.775510000000000443e+23
1.185400000000000091e+03 6.741530000000000668e+23
1.212470000000000027e+03 6.708180000000000624e+23
1.239839999999999918e+03 6.675460000000000309e+23
1.267529999999999973e+03 6.643349999999999520e+23
1.295509999999999991e+03 6.611829999999999394e+23
1.323809999999999945e+03 6.580889999999999830e+23
1.352410000000000082e+03 6.550519999999999381e+23
1.381319999999999936e+03 6.520710000000000632e+23
1.410529999999999973e+03 6.491439999999999350e+23
1.440049999999999955e+03 6.462709999999999562e+23
1.469869999999999891e+03 6.434499999999999722e+23
1.500000000000000000e+03 6.406809999999999830e+23
-----------------------

Townsend ioniz. coef. alpha/N (m2)
-----------------------
1.000000000000000000e+00 0.000000000000000000e+00
1.152940000000000076e+00 0.000000000000000000e+00
1.611769999999999925e+00 0.000000000000000000e+00
2.376489999999999991e+00 0.000000000000000000e+00
3.447099999999999831e+00 0.000000000000000000e+00
4.823590000000000266e+00 0.000000000000000000e+00
6.505969999999999587e+00 0.000000000000000000e+00
8.494229999999999947e+00 0.000000000000000000e+00
1.078839999999999932e+01 0.000000000000000000e+00
1.338840000000000074e+01 0.000000000000000000e+00
1.629439999999999955e+01 0.000000000000000000e+00
1.950619999999999976e+01 4.433319999999999833e-35
2.302390000000000114e+01 9.922350000000000157e-32
2.684750000000000014e+01 2.989230000000000031e-30
3.097690000000000055e+01 4.676170000000000268e-29
3.541230000000000189e+01 4.384380000000000292e-28
4.015359999999999729e+01 2.816309999999999854e-27
4.520069999999999766e+01 1.346789999999999913e-26
5.055369999999999919e+01 5.117789999999999740e-26
5.621260000000000190e+01 1.615850000000000063e-25
6.217739999999999867e+01 4.390660000000000407e-25
6.844809999999999661e+01 1.053599999999999956e-24
7.502469999999999573e+01 2.277290000000000137e-24
8.190720000000000312e+01 4.506149999999999685e-24
8.909550000000000125e+01 8.264310000000000138e-24
9.658969999999999345e+01 1.420429999999999936e-23
1.043900000000000006e+02 2.308970000000000047e-23
1.124959999999999951e+02 3.576499999999999957e-23
1.209080000000000013e+02 5.314309999999999748e-23
1.296260000000000048e+02 7.616220000000000164e-23
1.386490000000000009e+02 1.057680000000000018e-22
1.479790000000000134e+02 1.428979999999999984e-22
1.576140000000000043e+02 1.884559999999999910e-22
1.675560000000000116e+02 2.433119999999999899e-22
1.778029999999999973e+02 3.082339999999999931e-22
1.883559999999999945e+02 3.839400000000000186e-22
1.992150000000000034e+02 4.710820000000000081e-22
2.103799999999999955e+02 5.701980000000000294e-22
2.218509999999999991e+02 6.817310000000000128e-22
2.336270000000000095e+02 8.060529999999999668e-22
2.457100000000000080e+02 9.434010000000000606e-22
2.580980000000000132e+02 1.094009999999999952e-21
2.707919999999999732e+02 1.257889999999999942e-21
2.837930000000000064e+02 1.435109999999999911e-21
2.970989999999999895e+02 1.625579999999999966e-21
3.107110000000000127e+02 1.829169999999999949e-21
3.246290000000000191e+02 2.045679999999999847e-21
3.388519999999999754e+02 2.274859999999999833e-21
3.533820000000000050e+02 2.516419999999999999e-21
3.682180000000000177e+02 2.770010000000000138e-21
3.833589999999999804e+02 3.035180000000000031e-21
3.988059999999999832e+02 3.311830000000000049e-21
4.145590000000000259e+02 3.599249999999999657e-21
4.306190000000000282e+02 3.897119999999999739e-21
4.469830000000000041e+02 4.204989999999999702e-21
4.636539999999999964e+02 4.522320000000000188e-21
4.806309999999999718e+02 4.848970000000000361e-21
4.979139999999999873e+02 5.184179999999999872e-21
5.155019999999999527e+02 5.527610000000000129e-21
5.333970000000000482e+02 5.878819999999999901e-21
5.515969999999999800e+02 6.237170000000000199e-21
5.701029999999999518e+02 6.602770000000000016e-21
5.889149999999999636e+02 6.974739999999999898e-21
6.080330000000000155e+02 7.352800000000000429e-21
6.274569999999999936e+02 7.736549999999999326e-21
6.471870000000000118e+02 8.125599999999999686e-21
6.672219999999999800e+02 8.519460000000000465e-21
6.875639999999999645e+02 8.918079999999999588e-21
7.082110000000000127e+02 9.320820000000000326e-21
7.291639999999999873e+02 9.727399999999999502e-21
7.504239999999999782e+02 1.013749999999999950e-20
7.719890000000000327e+02 1.055079999999999971e-20
7.938600000000000136e+02 1.096680000000000046e-20
8.160359999999999445e+02 1.138569999999999951e-20
8.385190000000000055e+02 1.180669999999999982e-20
8.613079999999999927e+02 1.222970000000000026e-20
8.844020000000000437e+02 1.265440000000000043e-20
9.078029999999999973e+02 1.308059999999999957e-20
9.315090000000000146e+02 1.350779999999999953e-20
9.555209999999999582e+02 1.393610000000000143e-20
9.798390000000000555e+02 1.436519999999999887e-20
1.004460000000000036e+03 1.479470000000000085e-20
1.029390000000000100e+03 1.522439999999999909e-20
1.054630000000000109e+03 1.565429999999999959e-20
1.080170000000000073e+03 1.608389999999999969e-20
1.106019999999999982e+03 1.651310000000000128e-20
1.132170000000000073e+03 1.694180000000000020e-20
1.158630000000000109e+03 1.736980000000000020e-20
1.185400000000000091e+03 1.779680000000000090e-20
1.212470000000000027e+03 1.822279999999999927e-20
1.239839999999999918e+03 1.864750000000000095e-20
1.267529999999999973e+03 1.907079999999999877e-20
1.295509999999999991e+03 1.949260000000000064e-20
1.323809999999999945e+03 1.991260000000000014e-20
1.352410000000000082e+03 2.033080000000000028e-20
1.381319999999999936e+03 2.074699999999999878e-20
1.410529999999999973e+03 2.116119999999999867e-20
1.440049999999999955e+03 2.157320000000000067e-20
1.469869999999999891e+03 2.198279999999999951e-20
1.500000000000000000e+03 2.239000000000000121e-20
-----------------------

Townsend attach. coef. eta/N (m2)
-----------------------
1.000000000000000000e+00 1.413059999999999936e-40
1.152940000000000076e+00 1.212719999999999927e-40
1.611769999999999925e+00 8.248709999999999700e-41
2.376489999999999991e+00 5.110559999999999738e-41
3.447099999999999831e+00 3.117049999999999924e-41
4.823590000000000266e+00 1.917139999999999943e-41
6.505969999999999587e+00 1.220520000000000063e-41
8.494229999999999947e+00 8.249590000000000038e-42
1.078839999999999932e+01 5.949990000000000529e-42
1.338840000000000074e+01 1.586750000000000024e-31
1.629439999999999955e+01 2.037650000000000034e-29
1.950619999999999976e+01 4.783819999999999749e-28
2.302390000000000114e+01 5.270120000000000017e-27
2.684750000000000014e+01 3.373380000000000220e-26
3.097690000000000055e+01 1.457149999999999961e-25
3.541230000000000189e+01 4.679790000000000406e-25
4.015359999999999729e+01 1.201660000000000069e-24
4.520069999999999766e+01 2.590389999999999893e-24
5.055369999999999919e+01 4.864389999999999699e-24
5.621260000000000190e+01 8.160079999999999891e-24
6.217739999999999867e+01 1.247739999999999975e-23
6.844809999999999661e+01 1.765610000000000116e-23
7.502469999999999573e+01 2.340149999999999867e-23
8.190720000000000312e+01 2.935899999999999897e-23
8.909550000000000125e+01 3.515599999999999817e-23
9.658969999999999345e+01 4.049810000000000004e-23
1.043900000000000006e+02 4.517950000000000203e-23
1.124959999999999951e+02 4.908059999999999897e-23
1.209080000000000013e+02 5.217529999999999820e-23
1.296260000000000048e+02 5.449349999999999953e-23
1.386490000000000009e+02 5.610020000000000004e-23
1.479790000000000134e+02 5.708460000000000055e-23
1.576140000000000043e+02 5.753970000000000321e-23
1.675560000000000116e+02 5.755710000000000225e-23
1.778029999999999973e+02 5.721670000000000064e-23
1.883559999999999945e+02 5.659270000000000534e-23
1.992150000000000034e+02 5.574769999999999653e-23
2.103799999999999955e+02 5.473480000000000408e-23
2.218509999999999991e+02 5.359609999999999418e-23
2.336270000000000095e+02 5.236800000000000160e-23
2.457100000000000080e+02 5.107929999999999983e-23
2.580980000000000132e+02 4.975369999999999991e-23
2.707919999999999732e+02 4.840870000000000060e-23
2.837930000000000064e+02 4.705930000000000166e-23
2.970989999999999895e+02 4.571690000000000106e-23
3.107110000000000127e+02 4.439049999999999747e-23
3.246290000000000191e+02 4.308640000000000290e-23
3.388519999999999754e+02 4.180990000000000275e-23
3.533820000000000050e+02 4.056439999999999939e-23
3.682180000000000177e+02 3.935270000000000273e-23
3.833589999999999804e+02 3.817690000000000110e-23
3.988059999999999832e+02 3.703680000000000093e-23
4.145590000000000259e+02 3.593379999999999836e-23
4.306190000000000282e+02 3.486769999999999982e-23
4.469830000000000041e+02 3.383829999999999998e-23
4.636539999999999964e+02 3.284539999999999939e-23
4.806309999999999718e+02 3.188760000000000192e-23
4.979139999999999873e+02 3.096439999999999718e-23
5.155019999999999527e+02 3.007499999999999915e-23
5.333970000000000482e+02 2.921819999999999937e-23
5.515969999999999800e+02 2.839329999999999978e-23
5.701029999999999518e+02 2.759869999999999891e-23
5.889149999999999636e+02 2.683359999999999896e-23
6.080330000000000155e+02 2.609690000000000004e-23
6.274569999999999936e+02 2.538749999999999929e-23
6.471870000000000118e+02 2.470439999999999948e-23
6.672219999999999800e+02 2.404670000000000015e-23
6.875639999999999645e+02 2.341299999999999928e-23
7.082110000000000127e+02 2.280259999999999880e-23
7.291639999999999873e+02 2.221449999999999854e-23
7.504239999999999782e+02 2.164780000000000097e-23
7.719890000000000327e+02 2.110159999999999976e-23
7.938600000000000136e+02 2.057539999999999923e-23
8.160359999999999445e+02 2.006770000000000058e-23
8.385190000000000055e+02 1.957819999999999875e-23
8.613079999999999927e+02 1.910589999999999944e-23
8.844020000000000437e+02 1.865030000000000110e-23
9.078029999999999973e+02 1.821069999999999977e-23
9.315090000000000146e+02 1.778630000000000061e-23
9.555209999999999582e+02 1.737659999999999911e-23
9.798390000000000555e+02 1.698090000000000013e-23
1.004460000000000036e+03 1.659869999999999920e-23
1.029390000000000100e+03 1.622950000000000061e-23
1.054630000000000109e+03 1.587260000000000043e-23
1.080170000000000073e+03 1.552769999999999947e-23
1.106019999999999982e+03 1.519429999999999913e-23
1.132170000000000073e+03 1.487180000000000106e-23
1.158630000000000109e+03 1.455980000000000047e-23
1.185400000000000091e+03 1.425800000000000114e-23
1.212470000000000027e+03 1.396589999999999857e-23
1.239839999999999918e+03 1.368319999999999946e-23
1.267529999999999973e+03 1.340939999999999932e-23
1.295509999999999991e+03 1.314430000000000016e-23
1.323809999999999945e+03 1.288759999999999988e-23
1.352410000000000082e+03 1.263879999999999985e-23
1.381319999999999936e+03 1.239780000000000035e-23
1.410529999999999973e+03 1.216409999999999981e-23
1.440049999999999955e+03 1.193760000000000000e-23
1.469869999999999891e+03 1.171790000000000053e-23
1.500000000000000000e+03 1.150490000000000021e-23
-----------------------

Three-body attachment rate (m6/s)
-----------------------
1.000000000000000000e+00 3.652784999999999889e-42
1.152940000000000076e+00 3.529391999999999364e-42
1.611769999999999925e+00 3.167287000000000326e-42
2.376489999999999991e+00 2.677164999999999808e-42
3.447099999999999831e+00 2.126297000000000136e-42
4.823590000000000266e+00 1.572649999999999761e-42
6.505969999999999587e+00 1.139313999999999871e-42
8.494229999999999947e+00 8.640976000000000127e-43
1.078839999999999932e+01 7.022401999999999559e-43
1.338840000000000074e+01 6.063713999999999751e-43
1.629439999999999955e+01 5.473038999999999379e-43
1.950619999999999976e+01 5.090693999999999451e-43
2.302390000000000114e+01 4.829434000000000123e-43
2.684750000000000014e+01 4.639658999999999700e-43
3.097690000000000055e+01 4.491378999999999225e-43
3.541230000000000189e+01 4.365213000000000176e-43
4.015359999999999729e+01 4.246202999999999997e-43
4.520069999999999766e+01 4.122871999999999953e-43
5.055369999999999919e+01 3.985599999999999227e-43
5.621260000000000190e+01 3.827920000000000314e-43
6.217739999999999867e+01 3.646778999999999317e-43
6.844809999999999661e+01 3.443046999999999993e-43
7.502469999999999573e+01 3.221430999999999936e-43
8.190720000000000312e+01 2.988550999999999971e-43
8.909550000000000125e+01 2.752598000000000128e-43
9.658969999999999345e+01 2.520800000000000021e-43
1.043900000000000006e+02 2.299030999999999831e-43
1.124959999999999951e+02 2.091804999999999880e-43
1.209080000000000013e+02 1.901390000000000249e-43
1.296260000000000048e+02 1.728777999999999969e-43
1.386490000000000009e+02 1.573812999999999886e-43
1.479790000000000134e+02 1.435619999999999938e-43
1.576140000000000043e+02 1.312905999999999921e-43
1.675560000000000116e+02 1.204069999999999887e-43
1.778029999999999973e+02 1.107834999999999843e-43
1.883559999999999945e+02 1.022605999999999869e-43
1.992150000000000034e+02 9.470162000000000084e-44
2.103799999999999955e+02 8.798704999999999606e-44
2.218509999999999991e+02 8.200249000000000032e-44
2.336270000000000095e+02 7.665540999999999642e-44
2.457100000000000080e+02 7.186350999999999611e-44
2.580980000000000132e+02 6.755121999999999684e-44
2.707919999999999732e+02 6.366425999999999487e-44
2.837930000000000064e+02 6.014540999999999234e-44
2.970989999999999895e+02 5.694935999999999848e-44
3.107110000000000127e+02 5.403962999999999834e-44
3.246290000000000191e+02 5.137694999999999351e-44
3.388519999999999754e+02 4.893511999999999489e-44
3.533820000000000050e+02 4.668909999999999572e-44
3.682180000000000177e+02 4.461718000000000016e-44
3.833589999999999804e+02 4.269461999999999789e-44
3.988059999999999832e+02 4.091708999999999974e-44
4.145590000000000259e+02 3.926455999999999800e-44
4.306190000000000282e+02 3.772422999999999955e-44
4.469830000000000041e+02 3.628518000000000201e-44
4.636539999999999964e+02 3.494359999999999714e-44
4.806309999999999718e+02 3.367888999999999938e-44
4.979139999999999873e+02 3.249021999999999811e-44
5.155019999999999527e+02 3.137075000000000051e-44
5.333970000000000482e+02 3.031459999999999838e-44
5.515969999999999800e+02 2.931914000000000240e-44
5.701029999999999518e+02 2.837406999999999987e-44
5.889149999999999636e+02 2.747837999999999925e-44
6.080330000000000155e+02 2.662810999999999655e-44
6.274569999999999936e+02 2.581984999999999871e-44
6.471870000000000118e+02 2.505055999999999786e-44
6.672219999999999800e+02 2.431461999999999867e-44
6.875639999999999645e+02 2.361528000000000008e-44
7.082110000000000127e+02 2.294737999999999734e-44
7.291639999999999873e+02 2.230876000000000006e-44
7.504239999999999782e+02 2.169754000000000009e-44
7.719890000000000327e+02 2.111197999999999906e-44
7.938600000000000136e+02 2.054798999999999901e-44
8.160359999999999445e+02 2.000920999999999825e-44
8.385190000000000055e+02 1.949172999999999967e-44
8.613079999999999927e+02 1.899425999999999961e-44
8.844020000000000437e+02 1.851570000000000109e-44
9.078029999999999973e+02 1.805494999999999970e-44
9.315090000000000146e+02 1.761230000000000098e-44
9.555209999999999582e+02 1.718430999999999926e-44
9.798390000000000555e+02 1.677141999999999833e-44
1.004460000000000036e+03 1.637289000000000044e-44
1.029390000000000100e+03 1.598795999999999865e-44
1.054630000000000109e+03 1.561596999999999977e-44
1.080170000000000073e+03 1.525630999999999755e-44
1.106019999999999982e+03 1.490800999999999899e-44
1.132170000000000073e+03 1.457124999999999997e-44
1.158630000000000109e+03 1.424514999999999793e-44
1.185400000000000091e+03 1.392922999999999806e-44
1.212470000000000027e+03 1.362300999999999806e-44
1.239839999999999918e+03 1.332608999999999768e-44
1.267529999999999973e+03 1.303806999999999916e-44
1.295509999999999991e+03 1.275854999999999976e-44
1.323809999999999945e+03 1.248761000000000152e-44
1.352410000000000082e+03 1.222404999999999871e-44
1.381319999999999936e+03 1.196797999999999848e-44
1.410529999999999973e+03 1.171912999999999956e-44
1.440049999999999955e+03 1.147718999999999963e-44
1.469869999999999891e+03 1.124190000000000076e-44
1.500000000000000000e+03 1.101300999999999969e-44
-----------------------

